Raman shift (cm^-1)	Intensity (a.u.)
800.0	248.593594
802.0	287.134223
804.0	251.078072
806.0	260.269996
808.0	236.886759
810.0	295.199176
812.0	279.752752
814.0	240.513479
816.0	255.474448
818.0	260.629183
820.0	306.198922
822.0	278.268271
824.0	260.635394
826.0	299.181617
828.0	293.964424
830.0	266.252768
832.0	280.605877
834.0	238.026331
836.0	258.635538
838.0	275.757224
840.0	293.010866
842.0	257.059758
844.0	253.728687
846.0	277.011000
848.0	265.657613
850.0	249.607925
852.0	281.362489
854.0	281.992224
856.0	252.941571
858.0	260.551562
860.0	243.325353
862.0	262.607776
864.0	279.661674
866.0	253.882079
868.0	248.032092
870.0	237.149409
872.0	285.203784
874.0	282.592470
876.0	281.995036
878.0	238.791092
880.0	294.968394
882.0	292.513996
884.0	259.738937
886.0	291.535572
888.0	254.324011
890.0	267.807040
892.0	259.590606
894.0	263.292189
896.0	255.174894
898.0	268.122492
900.0	264.457591
902.0	280.652805
904.0	282.457311
906.0	262.932038
908.0	295.298116
910.0	279.146019
912.0	288.269318
914.0	268.285679
916.0	264.242162
918.0	278.712942
920.0	267.616234
922.0	280.423292
924.0	255.342606
926.0	278.304019
928.0	270.954921
930.0	251.504889
932.0	284.350833
934.0	258.499907
936.0	276.648311
938.0	279.102290
940.0	268.557993
942.0	286.639971
944.0	252.816777
946.0	277.179765
948.0	266.479157
950.0	271.885286
952.0	265.406322
954.0	251.686177
956.0	266.458633
958.0	260.463509
960.0	281.822472
962.0	264.087568
964.0	261.362796
966.0	285.264188
968.0	274.141858
970.0	272.664119
972.0	269.140330
974.0	262.848547
976.0	288.117669
978.0	253.102069
980.0	275.185792
982.0	304.610591
984.0	277.748056
986.0	294.693570
988.0	270.345372
990.0	285.498889
992.0	261.228630
994.0	250.834359
996.0	264.038347
998.0	263.107008
1000.0	274.201982
1002.0	293.661054
1004.0	292.913045
1006.0	269.190663
1008.0	260.229257
1010.0	270.338279
1012.0	288.767104
1014.0	284.020279
1016.0	287.955217
1018.0	264.565580
1020.0	256.723200
1022.0	285.153744
1024.0	274.797971
1026.0	288.611406
1028.0	283.309545
1030.0	266.949742
1032.0	271.904445
1034.0	275.195875
1036.0	296.530930
1038.0	285.174380
1040.0	282.977015
1042.0	276.487533
1044.0	258.988156
1046.0	291.917409
1048.0	279.795874
1050.0	292.176834
1052.0	293.864436
1054.0	293.876021
1056.0	280.298014
1058.0	280.512133
1060.0	256.888617
1062.0	291.403653
1064.0	290.955752
1066.0	299.640392
1068.0	291.034097
1070.0	291.605048
1072.0	268.733965
1074.0	296.932611
1076.0	293.543332
1078.0	260.519925
1080.0	292.892602
1082.0	300.549833
1084.0	291.877588
1086.0	329.795053
1088.0	272.731351
1090.0	328.057284
1092.0	282.508953
1094.0	296.677531
1096.0	311.714966
1098.0	270.887707
1100.0	273.714091
1102.0	248.685287
1104.0	259.605981
1106.0	286.288781
1108.0	297.074047
1110.0	297.344828
1112.0	294.298171
1114.0	314.156868
1116.0	290.173338
1118.0	304.909466
1120.0	301.875983
1122.0	310.522452
1124.0	282.197443
1126.0	299.053683
1128.0	307.272544
1130.0	292.710120
1132.0	298.749381
1134.0	312.837002
1136.0	307.022961
1138.0	289.096484
1140.0	298.626402
1142.0	269.845328
1144.0	336.691028
1146.0	288.722291
1148.0	282.689668
1150.0	273.790617
1152.0	263.280491
1154.0	283.567601
1156.0	280.685332
1158.0	291.578088
1160.0	325.723904
1162.0	300.140090
1164.0	345.934747
1166.0	332.438942
1168.0	320.185698
1170.0	331.425628
1172.0	298.079108
1174.0	338.141348
1176.0	334.093912
1178.0	319.255696
1180.0	331.635067
1182.0	310.703461
1184.0	323.474986
1186.0	302.050448
1188.0	314.241831
1190.0	330.194553
1192.0	344.777253
1194.0	343.233990
1196.0	343.677570
1198.0	328.263818
1200.0	337.394309
1202.0	353.923121
1204.0	324.782714
1206.0	324.307051
1208.0	338.558136
1210.0	331.430094
1212.0	322.636082
1214.0	352.525438
1216.0	351.369918
1218.0	323.154115
1220.0	367.224629
1222.0	329.229796
1224.0	319.707801
1226.0	343.994436
1228.0	364.665323
1230.0	339.335772
1232.0	355.246992
1234.0	358.903093
1236.0	386.042306
1238.0	379.431081
1240.0	391.528853
1242.0	366.187403
1244.0	403.043505
1246.0	406.102176
1248.0	429.182028
1250.0	403.350153
1252.0	389.408275
1254.0	376.118015
1256.0	417.315899
1258.0	413.226174
1260.0	400.818759
1262.0	419.070282
1264.0	442.219421
1266.0	435.688554
1268.0	454.997077
1270.0	435.183983
1272.0	438.249616
1274.0	477.644811
1276.0	473.936613
1278.0	472.634757
1280.0	503.341099
1282.0	485.668431
1284.0	484.140001
1286.0	473.033284
1288.0	491.056992
1290.0	528.161461
1292.0	550.710744
1294.0	561.618317
1296.0	543.321341
1298.0	603.699507
1300.0	607.255476
1302.0	582.995703
1304.0	644.188196
1306.0	627.789396
1308.0	668.281814
1310.0	655.068588
1312.0	660.478360
1314.0	676.147977
1316.0	707.484966
1318.0	747.638294
1320.0	783.966126
1322.0	748.160636
1324.0	804.460580
1326.0	843.041065
1328.0	844.272606
1330.0	878.876752
1332.0	915.947507
1334.0	927.749907
1336.0	969.068938
1338.0	971.041022
1340.0	981.624165
1342.0	1007.004357
1344.0	1008.932021
1346.0	1014.712195
1348.0	1056.184840
1350.0	1021.236063
1352.0	1102.511642
1354.0	1087.741561
1356.0	1059.353965
1358.0	1079.010841
1360.0	1067.192578
1362.0	1042.644209
1364.0	1042.654609
1366.0	1012.785745
1368.0	1008.973749
1370.0	1009.506201
1372.0	971.576607
1374.0	958.956482
1376.0	924.779363
1378.0	916.483156
1380.0	900.815570
1382.0	879.034279
1384.0	860.773574
1386.0	839.294035
1388.0	823.503169
1390.0	811.851007
1392.0	790.206068
1394.0	747.260105
1396.0	708.126962
1398.0	717.394383
1400.0	694.052508
1402.0	682.940870
1404.0	665.487244
1406.0	675.239550
1408.0	648.864586
1410.0	609.885419
1412.0	634.984550
1414.0	579.925313
1416.0	611.204531
1418.0	564.568889
1420.0	569.426516
1422.0	541.636856
1424.0	554.334989
1426.0	523.803974
1428.0	554.951109
1430.0	508.754640
1432.0	494.921674
1434.0	481.210428
1436.0	485.720365
1438.0	481.977467
1440.0	482.760333
1442.0	488.680355
1444.0	483.339672
1446.0	441.442356
1448.0	472.044447
1450.0	452.546950
1452.0	484.571564
1454.0	450.665631
1456.0	471.867847
1458.0	478.095705
1460.0	454.797399
1462.0	432.715146
1464.0	409.752043
1466.0	442.464767
1468.0	436.109365
1470.0	468.620603
1472.0	425.441028
1474.0	414.722951
1476.0	396.217816
1478.0	418.812911
1480.0	420.847357
1482.0	416.267104
1484.0	412.419421
1486.0	411.502449
1488.0	461.509228
1490.0	464.825963
1492.0	407.940605
1494.0	419.097962
1496.0	434.761922
1498.0	436.304419
1500.0	472.180687
1502.0	434.418023
1504.0	435.802684
1506.0	435.919072
1508.0	483.066106
1510.0	498.276706
1512.0	469.936509
1514.0	470.142880
1516.0	481.939809
1518.0	448.196367
1520.0	506.090855
1522.0	491.173481
1524.0	491.764136
1526.0	514.556556
1528.0	520.115788
1530.0	537.276216
1532.0	557.924393
1534.0	558.881346
1536.0	554.228369
1538.0	564.792599
1540.0	598.606475
1542.0	638.563196
1544.0	645.812779
1546.0	674.824501
1548.0	672.933429
1550.0	738.905417
1552.0	751.411738
1554.0	777.841573
1556.0	813.575686
1558.0	873.887147
1560.0	901.858500
1562.0	954.990204
1564.0	976.148776
1566.0	1028.964284
1568.0	1043.897316
1570.0	1152.765211
1572.0	1143.775485
1574.0	1201.819336
1576.0	1226.453752
1578.0	1243.260202
1580.0	1267.598926
1582.0	1292.009284
1584.0	1314.178700
1586.0	1293.955276
1588.0	1260.345263
1590.0	1227.450171
1592.0	1233.890242
1594.0	1168.683498
1596.0	1141.775181
1598.0	1091.164893
1600.0	1025.917633
1602.0	946.456927
1604.0	936.415230
1606.0	907.064012
1608.0	869.325304
1610.0	801.383437
1612.0	713.624560
1614.0	757.093854
1616.0	710.841833
1618.0	666.576788
1620.0	641.705923
1622.0	633.940942
1624.0	613.074435
1626.0	569.108147
1628.0	569.448546
1630.0	518.209478
1632.0	544.143029
1634.0	516.000706
1636.0	511.890189
1638.0	495.342990
1640.0	457.288223
1642.0	463.248804
1644.0	446.337002
1646.0	477.496343
1648.0	440.945385
1650.0	465.958755
1652.0	424.664614
1654.0	423.108641
1656.0	427.670830
1658.0	432.096217
1660.0	378.819325
1662.0	403.602002
1664.0	374.514683
1666.0	379.946847
1668.0	403.908110
1670.0	360.164966
1672.0	383.287363
1674.0	395.006577
1676.0	392.420885
1678.0	345.847212
1680.0	372.688958
1682.0	347.616906
1684.0	340.172953
1686.0	356.487766
1688.0	376.121619
1690.0	336.673037
1692.0	342.003486
1694.0	326.364789
1696.0	332.856271
1698.0	365.619064
1700.0	342.948536
1702.0	335.307072
1704.0	335.854404
1706.0	323.334813
1708.0	321.873609
1710.0	298.882992
1712.0	302.374672
1714.0	353.608970
1716.0	341.951459
1718.0	346.764014
1720.0	339.016547
1722.0	291.635621
1724.0	308.769716
1726.0	317.175266
1728.0	322.385251
1730.0	317.047036
1732.0	321.092999
1734.0	330.726855
1736.0	285.944034
1738.0	302.247690
1740.0	314.670330
1742.0	304.056381
1744.0	310.588004
1746.0	319.430186
1748.0	322.819491
1750.0	298.390684
1752.0	291.313478
1754.0	295.478827
1756.0	298.630550
1758.0	295.687740
1760.0	326.440271
1762.0	337.536673
1764.0	296.214707
1766.0	305.303421
1768.0	293.479548
1770.0	293.730222
1772.0	277.859146
1774.0	295.670650
1776.0	289.530869
1778.0	296.017997
1780.0	315.441055
1782.0	246.496441
1784.0	283.611945
1786.0	307.924154
1788.0	298.733578
1790.0	269.632992
1792.0	328.795429
1794.0	312.040413
1796.0	281.703489
1798.0	291.494323
1800.0	288.125116
1802.0	281.131044
1804.0	292.027944
1806.0	305.668295
1808.0	278.384659
1810.0	308.709049
1812.0	285.864596
1814.0	285.549386
1816.0	284.208922
1818.0	303.116941
1820.0	299.596729
1822.0	296.672401
1824.0	269.209404
1826.0	284.986618
1828.0	334.010317
1830.0	299.690823
1832.0	268.411290
1834.0	281.940207
1836.0	290.561512
1838.0	272.882008
1840.0	313.101861
1842.0	318.262430
1844.0	289.504727
1846.0	307.056853
1848.0	310.521421
1850.0	314.862459
1852.0	301.594930
1854.0	278.588295
1856.0	259.760405
1858.0	295.771967
1860.0	280.177538
1862.0	294.189546
1864.0	291.725607
1866.0	284.434131
1868.0	272.709345
1870.0	264.221689
1872.0	289.059347
1874.0	295.438280
1876.0	309.519138
1878.0	301.903384
1880.0	260.826460
1882.0	289.436798
1884.0	312.827721
1886.0	276.944592
1888.0	293.592809
1890.0	280.539056
1892.0	291.814011
1894.0	287.925693
1896.0	268.629640
1898.0	265.472166
1900.0	280.192474
1902.0	298.636779
1904.0	259.130685
1906.0	289.197534
1908.0	329.036455
1910.0	294.543106
1912.0	288.272463
1914.0	323.589515
1916.0	290.328045
1918.0	266.153894
1920.0	293.349346
1922.0	279.079788
1924.0	328.297897
1926.0	290.924555
1928.0	275.930879
1930.0	279.782867
1932.0	299.523210
1934.0	281.709977
1936.0	272.956682
1938.0	313.780828
1940.0	250.960341
1942.0	275.992720
1944.0	261.716298
1946.0	304.141630
1948.0	302.955367
1950.0	276.293276
1952.0	310.144759
1954.0	273.447017
1956.0	281.140891
1958.0	279.793807
1960.0	233.914140
1962.0	309.718204
1964.0	271.271344
1966.0	294.750284
1968.0	290.720585
1970.0	314.503960
1972.0	300.488411
1974.0	266.009564
1976.0	282.268872
1978.0	267.976500
1980.0	303.977938
1982.0	273.080681
1984.0	293.364068
1986.0	304.513273
1988.0	300.874761
1990.0	311.126731
1992.0	277.961139
1994.0	286.462673
1996.0	287.419106
1998.0	294.667380
2000.0	291.083158
2002.0	293.471012
2004.0	300.092409
2006.0	314.407966
2008.0	304.543128
2010.0	287.205841
2012.0	278.920277
2014.0	297.264789
2016.0	283.594145
2018.0	298.954871
2020.0	291.469786
2022.0	275.291834
2024.0	288.044739
2026.0	287.467941
2028.0	302.751602
2030.0	296.693972
2032.0	294.737707
2034.0	300.177325
2036.0	304.002914
2038.0	263.097046
2040.0	275.904381
2042.0	263.840375
2044.0	330.606159
2046.0	303.255185
2048.0	278.080361
2050.0	296.214264
2052.0	310.191814
2054.0	280.421653
2056.0	276.084307
2058.0	287.003361
2060.0	276.846578
2062.0	280.694637
2064.0	281.122902
2066.0	304.174899
2068.0	268.202355
2070.0	292.976935
2072.0	314.714056
2074.0	285.031293
2076.0	318.364607
2078.0	296.343236
2080.0	274.459790
2082.0	283.260957
2084.0	265.804237
2086.0	292.386191
2088.0	289.489755
2090.0	296.277400
2092.0	291.773565
2094.0	338.098719
2096.0	335.239214
2098.0	307.498743
2100.0	281.118338
2102.0	285.240260
2104.0	281.421905
2106.0	302.226700
2108.0	266.125648
2110.0	322.880035
2112.0	324.441250
2114.0	301.136264
2116.0	284.626232
2118.0	291.422015
2120.0	296.947936
2122.0	303.793815
2124.0	312.265351
2126.0	251.188960
2128.0	310.589442
2130.0	253.229072
2132.0	287.349187
2134.0	301.452185
2136.0	286.267666
2138.0	291.987544
2140.0	310.843853
2142.0	288.777016
2144.0	277.402144
2146.0	268.266715
2148.0	322.420500
2150.0	310.773304
2152.0	287.022863
2154.0	262.542434
2156.0	308.498006
2158.0	275.653204
2160.0	313.127002
2162.0	269.482603
2164.0	288.760511
2166.0	276.710260
2168.0	307.635129
2170.0	298.467927
2172.0	290.373361
2174.0	292.311253
2176.0	308.561282
2178.0	282.337701
2180.0	284.327727
2182.0	314.037866
2184.0	308.151746
2186.0	259.951946
2188.0	325.538236
2190.0	293.992957
2192.0	297.326020
2194.0	306.927631
2196.0	298.920971
2198.0	299.594024
2200.0	322.659869
2202.0	310.238160
2204.0	290.335435
2206.0	310.566486
2208.0	303.474398
2210.0	324.088690
2212.0	278.904738
2214.0	285.850335
2216.0	285.598809
2218.0	267.422172
2220.0	293.717986
2222.0	294.025178
2224.0	283.242198
2226.0	285.833186
2228.0	269.178449
2230.0	299.022593
2232.0	280.009272
2234.0	290.217147
2236.0	294.278822
2238.0	314.753790
2240.0	277.498728
2242.0	266.719806
2244.0	295.544584
2246.0	268.608875
2248.0	265.861697
2250.0	279.179060
2252.0	339.150899
2254.0	304.194242
2256.0	270.417414
2258.0	292.597864
2260.0	292.705454
2262.0	264.797472
2264.0	289.558846
2266.0	306.669173
2268.0	315.121973
2270.0	323.978896
2272.0	320.517966
2274.0	329.073409
2276.0	294.750812
2278.0	298.769092
2280.0	293.650870
2282.0	258.315814
2284.0	286.078450
2286.0	305.231383
2288.0	285.349582
2290.0	304.513290
2292.0	303.788431
2294.0	276.079123
2296.0	283.028441
2298.0	309.649624
2300.0	294.663396
2302.0	309.901585
2304.0	290.011787
2306.0	283.332759
2308.0	324.912503
2310.0	319.201854
2312.0	274.163326
2314.0	289.495922
2316.0	306.598855
2318.0	289.137490
2320.0	291.611663
2322.0	300.413578
2324.0	309.215674
2326.0	308.449360
2328.0	309.613880
2330.0	301.931307
2332.0	307.651668
2334.0	311.573407
2336.0	317.253633
2338.0	318.645276
2340.0	293.539022
2342.0	297.396446
2344.0	307.317790
2346.0	295.852252
2348.0	280.714347
2350.0	332.398402
2352.0	309.231934
2354.0	277.606652
2356.0	313.237421
2358.0	254.014956
2360.0	290.906185
2362.0	305.948517
2364.0	303.172555
2366.0	276.064563
2368.0	306.673065
2370.0	294.411885
2372.0	311.166860
2374.0	333.533905
2376.0	299.470602
2378.0	283.982642
2380.0	300.063143
2382.0	313.630820
2384.0	314.827785
2386.0	305.474134
2388.0	338.743616
2390.0	302.639750
2392.0	312.822611
2394.0	270.207876
2396.0	318.351066
2398.0	282.445981
2400.0	315.416719
2402.0	295.099639
2404.0	304.448694
2406.0	321.258626
2408.0	296.172061
2410.0	300.638071
2412.0	284.869270
2414.0	301.744213
2416.0	304.814407
2418.0	327.273161
2420.0	301.407362
2422.0	295.049375
2424.0	306.944636
2426.0	303.615626
2428.0	310.051517
2430.0	306.950909
2432.0	321.645083
2434.0	324.332714
2436.0	298.288905
2438.0	308.033592
2440.0	298.005053
2442.0	310.639427
2444.0	329.025605
2446.0	316.538744
2448.0	313.883529
2450.0	349.887895
2452.0	321.238280
2454.0	321.378590
2456.0	310.170616
2458.0	313.922445
2460.0	320.467417
2462.0	306.467747
2464.0	305.864696
2466.0	279.572268
2468.0	292.327620
2470.0	307.474807
2472.0	306.830613
2474.0	330.574798
2476.0	282.166814
2478.0	315.983287
2480.0	338.479485
2482.0	319.261184
2484.0	319.648068
2486.0	322.781242
2488.0	322.862905
2490.0	337.314655
2492.0	315.918292
2494.0	323.733381
2496.0	301.546734
2498.0	306.375317
2500.0	309.624159
2502.0	359.791529
2504.0	343.808684
2506.0	309.501438
2508.0	336.301512
2510.0	295.209874
2512.0	333.314444
2514.0	308.999424
2516.0	308.621801
2518.0	310.026361
2520.0	343.241044
2522.0	298.129116
2524.0	301.704350
2526.0	322.917015
2528.0	353.725725
2530.0	329.931995
2532.0	346.467803
2534.0	318.112848
2536.0	340.185057
2538.0	331.580297
2540.0	314.898310
2542.0	324.433276
2544.0	324.021599
2546.0	340.494858
2548.0	334.853046
2550.0	318.163258
2552.0	345.071116
2554.0	354.084455
2556.0	338.807170
2558.0	354.253386
2560.0	346.284311
2562.0	332.449653
2564.0	358.815031
2566.0	335.949136
2568.0	345.728761
2570.0	325.159041
2572.0	332.356684
2574.0	327.949892
2576.0	350.337041
2578.0	325.954834
2580.0	337.456328
2582.0	322.460441
2584.0	362.120588
2586.0	350.756640
2588.0	351.745894
2590.0	372.643168
2592.0	375.194510
2594.0	349.983639
2596.0	360.435005
2598.0	385.139086
2600.0	344.492679
2602.0	360.439852
2604.0	382.576422
2606.0	369.391548
2608.0	371.278724
2610.0	379.782625
2612.0	370.375747
2614.0	351.492623
2616.0	394.701638
2618.0	391.051751
2620.0	421.348675
2622.0	348.418275
2624.0	385.256926
2626.0	402.858231
2628.0	395.336482
2630.0	405.636840
2632.0	404.920138
2634.0	374.713701
2636.0	397.202472
2638.0	423.933908
2640.0	428.038904
2642.0	393.877192
2644.0	402.282805
2646.0	412.119003
2648.0	401.660219
2650.0	397.808396
2652.0	415.532641
2654.0	460.703706
2656.0	430.319350
2658.0	410.199978
2660.0	458.586494
2662.0	472.716098
2664.0	458.339779
2666.0	506.632857
2668.0	468.966836
2670.0	492.965711
2672.0	483.878650
2674.0	508.780361
2676.0	500.289993
2678.0	513.493394
2680.0	495.710563
2682.0	492.167725
2684.0	474.287732
2686.0	534.141682
2688.0	537.643893
2690.0	532.959867
2692.0	550.246099
2694.0	554.251853
2696.0	582.180905
2698.0	540.933194
2700.0	510.947888
2702.0	571.114195
2704.0	591.424273
2706.0	574.034216
2708.0	588.118979
2710.0	572.956393
2712.0	550.406893
2714.0	567.444271
2716.0	567.517984
2718.0	587.389870
2720.0	559.790500
2722.0	534.942735
2724.0	533.611237
2726.0	550.455121
2728.0	553.239032
2730.0	556.237195
2732.0	552.904648
2734.0	500.069976
2736.0	502.355817
2738.0	513.790054
2740.0	525.956729
2742.0	473.739341
2744.0	482.213137
2746.0	487.990603
2748.0	500.172948
2750.0	471.288324
2752.0	458.612550
2754.0	428.819162
2756.0	454.734879
2758.0	450.591735
2760.0	435.037902
2762.0	410.314444
2764.0	440.896637
2766.0	418.712636
2768.0	434.634401
2770.0	424.463726
2772.0	407.306913
2774.0	430.079403
2776.0	413.198243
2778.0	411.015142
2780.0	402.533571
2782.0	419.011698
2784.0	437.285942
2786.0	416.592893
2788.0	407.354045
2790.0	443.650456
2792.0	418.715890
2794.0	380.473294
2796.0	359.208895
2798.0	425.551497
2800.0	408.738312
2802.0	406.718786
2804.0	420.718662
2806.0	349.947437
2808.0	381.276576
2810.0	385.179679
2812.0	384.602183
2814.0	389.930178
2816.0	368.578989
2818.0	343.772969
2820.0	353.168844
2822.0	348.493990
2824.0	334.306630
2826.0	353.083413
2828.0	367.046908
2830.0	374.646220
2832.0	341.630067
2834.0	347.306613
2836.0	367.399930
2838.0	357.326986
2840.0	348.284184
2842.0	357.270847
2844.0	307.046161
2846.0	366.968787
2848.0	340.756447
2850.0	337.394704
2852.0	349.475067
2854.0	360.633432
2856.0	353.463536
2858.0	370.137650
2860.0	363.684296
2862.0	361.643606
2864.0	352.798570
2866.0	356.766186
2868.0	392.053563
2870.0	360.144114
2872.0	340.767096
2874.0	396.013260
2876.0	364.266927
2878.0	354.742047
2880.0	331.286282
2882.0	334.882632
2884.0	347.873170
2886.0	366.385460
2888.0	336.291165
2890.0	367.864180
2892.0	352.897294
2894.0	331.459925
2896.0	372.590607
2898.0	341.396663
2900.0	348.677275
2902.0	383.119188
2904.0	363.773563
2906.0	363.670150
2908.0	339.938314
2910.0	350.321584
2912.0	305.395426
2914.0	357.476391
2916.0	332.708019
2918.0	346.642802
2920.0	339.175337
2922.0	342.580952
2924.0	366.413948
2926.0	372.954965
2928.0	321.003537
2930.0	355.688128
2932.0	331.483807
2934.0	320.355885
2936.0	310.406112
2938.0	332.023925
2940.0	334.933856
2942.0	350.781501
2944.0	361.406743
2946.0	345.566800
2948.0	341.884809
2950.0	350.775688
2952.0	372.796950
2954.0	384.721555
2956.0	371.407842
2958.0	342.473319
2960.0	328.966613
2962.0	345.021196
2964.0	368.116088
2966.0	368.542689
2968.0	354.467164
2970.0	375.921793
2972.0	358.505654
2974.0	355.292342
2976.0	349.816062
2978.0	314.663310
2980.0	327.636069
2982.0	359.090014
2984.0	362.787492
2986.0	371.789691
2988.0	324.653285
2990.0	338.983212
2992.0	336.252082
2994.0	326.179121
2996.0	366.502850
2998.0	339.630905
3000.0	343.244555
3002.0	351.793680
3004.0	395.043620
3006.0	357.297959
3008.0	352.699791
3010.0	335.484404
3012.0	323.726029
3014.0	346.268526
3016.0	375.299579
3018.0	352.858394
3020.0	315.769331
3022.0	344.170134
3024.0	333.376401
3026.0	333.483021
3028.0	314.491770
3030.0	325.034185
3032.0	347.192725
3034.0	350.503451
3036.0	365.345953
3038.0	353.237913
3040.0	344.545457
3042.0	335.634681
3044.0	336.584894
3046.0	343.421688
3048.0	324.490046
3050.0	376.917273
3052.0	321.621009
3054.0	347.130866
3056.0	369.515181
3058.0	356.105458
3060.0	316.217470
3062.0	360.089687
3064.0	340.792192
3066.0	339.415851
3068.0	347.811352
3070.0	337.638601
3072.0	323.831970
3074.0	338.619421
3076.0	341.588983
3078.0	345.388711
3080.0	330.315120
3082.0	391.295223
3084.0	339.147075
3086.0	337.402050
3088.0	352.948745
3090.0	342.534028
3092.0	313.318642
3094.0	327.950368
3096.0	340.191000
3098.0	371.205854
3100.0	322.098487
3102.0	395.294324
3104.0	354.317252
3106.0	328.674554
3108.0	369.172550
3110.0	392.661818
3112.0	350.057092
3114.0	349.815403
3116.0	377.376299
3118.0	376.784046
3120.0	390.645633
3122.0	349.978947
3124.0	370.013140
3126.0	347.401515
3128.0	329.792145
3130.0	333.389285
3132.0	363.377954
3134.0	353.441731
3136.0	366.072214
3138.0	364.433724
3140.0	352.522263
3142.0	366.795544
3144.0	364.824794
3146.0	374.184033
3148.0	333.270519
3150.0	343.375817
3152.0	332.169799
3154.0	374.499818
3156.0	345.097398
3158.0	316.249153
3160.0	327.275023
3162.0	358.140530
3164.0	360.850948
3166.0	359.785980
3168.0	383.175301
3170.0	327.121450
3172.0	374.510923
3174.0	350.913317
3176.0	339.853021
3178.0	347.938267
3180.0	406.995469
3182.0	399.888141
3184.0	339.639459
3186.0	381.129479
3188.0	332.534192
3190.0	372.988802
3192.0	369.921229
3194.0	330.656732
3196.0	370.013412
3198.0	325.263934
3200.0	401.442547
