Raman shift (cm^-1)	Intensity (a.u.)
800.0	203.250864
802.0	164.630088
804.0	169.173802
806.0	191.401288
808.0	172.600945
810.0	179.967015
812.0	183.426494
814.0	194.195149
816.0	185.312507
818.0	181.922299
820.0	184.434425
822.0	172.437838
824.0	190.045945
826.0	194.406657
828.0	194.745981
830.0	194.632285
832.0	177.308209
834.0	213.515678
836.0	179.729581
838.0	205.972572
840.0	184.074591
842.0	166.028764
844.0	211.331119
846.0	190.439486
848.0	207.266184
850.0	189.267152
852.0	181.848820
854.0	178.075068
856.0	163.621944
858.0	217.377817
860.0	179.679321
862.0	201.684008
864.0	192.443770
866.0	180.415574
868.0	193.703309
870.0	190.439982
872.0	192.181118
874.0	194.303335
876.0	200.310609
878.0	183.933027
880.0	213.831897
882.0	187.376584
884.0	155.606961
886.0	184.718399
888.0	196.050084
890.0	190.770379
892.0	199.018531
894.0	176.205996
896.0	187.437978
898.0	187.661871
900.0	201.446920
902.0	176.079248
904.0	173.325669
906.0	184.078120
908.0	193.197058
910.0	193.499287
912.0	190.440587
914.0	202.435239
916.0	213.777690
918.0	199.250750
920.0	181.085958
922.0	203.668062
924.0	189.718857
926.0	177.797423
928.0	175.004128
930.0	173.471842
932.0	180.288147
934.0	170.128463
936.0	203.218285
938.0	185.527297
940.0	190.023016
942.0	188.358821
944.0	179.292658
946.0	175.824801
948.0	187.162973
950.0	182.686291
952.0	219.348407
954.0	179.797485
956.0	200.093316
958.0	207.653003
960.0	201.927901
962.0	206.370105
964.0	154.924441
966.0	174.673909
968.0	178.671589
970.0	186.229359
972.0	220.691250
974.0	189.814778
976.0	210.126031
978.0	180.025674
980.0	191.713869
982.0	204.351636
984.0	178.947991
986.0	209.678068
988.0	192.968382
990.0	177.624235
992.0	184.521530
994.0	223.698169
996.0	202.452725
998.0	178.923666
1000.0	194.241599
1002.0	194.059230
1004.0	191.036073
1006.0	184.021453
1008.0	184.417650
1010.0	191.424593
1012.0	193.551227
1014.0	181.583626
1016.0	199.277778
1018.0	197.640288
1020.0	194.520408
1022.0	187.702180
1024.0	187.848289
1026.0	225.232444
1028.0	194.990629
1030.0	173.436013
1032.0	210.038189
1034.0	184.367459
1036.0	180.098032
1038.0	193.941114
1040.0	221.409089
1042.0	175.317310
1044.0	187.083916
1046.0	188.406740
1048.0	197.138845
1050.0	170.577542
1052.0	204.469391
1054.0	199.148296
1056.0	218.869139
1058.0	217.677433
1060.0	198.701186
1062.0	210.056832
1064.0	204.238053
1066.0	166.624429
1068.0	201.634758
1070.0	165.226289
1072.0	188.159934
1074.0	204.517522
1076.0	179.416100
1078.0	199.238440
1080.0	205.408196
1082.0	201.278319
1084.0	216.271785
1086.0	206.640226
1088.0	198.445085
1090.0	181.065257
1092.0	213.581245
1094.0	190.687375
1096.0	207.644134
1098.0	186.271479
1100.0	227.127078
1102.0	193.158957
1104.0	205.522723
1106.0	195.651152
1108.0	196.909292
1110.0	187.911146
1112.0	201.432940
1114.0	198.057013
1116.0	192.207465
1118.0	196.159839
1120.0	196.663443
1122.0	185.732799
1124.0	173.588496
1126.0	179.099729
1128.0	210.658642
1130.0	193.472501
1132.0	179.522383
1134.0	225.267271
1136.0	191.736900
1138.0	220.590072
1140.0	205.103917
1142.0	211.561846
1144.0	187.655072
1146.0	215.760319
1148.0	205.042597
1150.0	193.787355
1152.0	212.156716
1154.0	213.503641
1156.0	201.077859
1158.0	204.237462
1160.0	220.663646
1162.0	204.494743
1164.0	222.892993
1166.0	190.161689
1168.0	184.912073
1170.0	210.667915
1172.0	205.276184
1174.0	205.705721
1176.0	196.556302
1178.0	198.795986
1180.0	190.216369
1182.0	214.699934
1184.0	216.351489
1186.0	221.065643
1188.0	207.502087
1190.0	235.022744
1192.0	221.561277
1194.0	200.675737
1196.0	217.111789
1198.0	233.121912
1200.0	214.050478
1202.0	252.901343
1204.0	208.214828
1206.0	197.126055
1208.0	212.981779
1210.0	211.404187
1212.0	227.437343
1214.0	206.972519
1216.0	231.586067
1218.0	235.162412
1220.0	232.543307
1222.0	205.578823
1224.0	234.116304
1226.0	233.501903
1228.0	222.271229
1230.0	232.989130
1232.0	227.589554
1234.0	237.141688
1236.0	241.665125
1238.0	239.080494
1240.0	233.825975
1242.0	251.869938
1244.0	229.564067
1246.0	263.068670
1248.0	245.802307
1250.0	244.233157
1252.0	258.541994
1254.0	246.885701
1256.0	259.729077
1258.0	223.587157
1260.0	254.876006
1262.0	237.316703
1264.0	254.422485
1266.0	261.652126
1268.0	263.980698
1270.0	258.208576
1272.0	292.057252
1274.0	267.838607
1276.0	262.730823
1278.0	292.227163
1280.0	284.896721
1282.0	291.511916
1284.0	313.569921
1286.0	326.896105
1288.0	298.944280
1290.0	318.200171
1292.0	341.311541
1294.0	340.695488
1296.0	348.257250
1298.0	335.277544
1300.0	364.973138
1302.0	364.715855
1304.0	388.207364
1306.0	365.583173
1308.0	404.572088
1310.0	421.640496
1312.0	418.827225
1314.0	425.300135
1316.0	430.931241
1318.0	477.237272
1320.0	433.279908
1322.0	463.728712
1324.0	454.960466
1326.0	475.403753
1328.0	548.138900
1330.0	526.043313
1332.0	514.642889
1334.0	554.414945
1336.0	583.410954
1338.0	597.399607
1340.0	575.906144
1342.0	611.645272
1344.0	608.252480
1346.0	620.942181
1348.0	635.398364
1350.0	617.957090
1352.0	612.104405
1354.0	597.401261
1356.0	607.597027
1358.0	599.720025
1360.0	594.297968
1362.0	585.664467
1364.0	598.893801
1366.0	544.742902
1368.0	554.218166
1370.0	539.212402
1372.0	529.137384
1374.0	510.457191
1376.0	516.158950
1378.0	475.667455
1380.0	453.432545
1382.0	459.234148
1384.0	429.153289
1386.0	451.561094
1388.0	417.007236
1390.0	431.318597
1392.0	398.461272
1394.0	375.058164
1396.0	376.197651
1398.0	398.288150
1400.0	380.731212
1402.0	352.634691
1404.0	343.806317
1406.0	349.552475
1408.0	328.802833
1410.0	347.342802
1412.0	336.282370
1414.0	316.534171
1416.0	350.547935
1418.0	296.592976
1420.0	311.754635
1422.0	304.033906
1424.0	311.916989
1426.0	305.263472
1428.0	307.021800
1430.0	274.375952
1432.0	321.651060
1434.0	293.913706
1436.0	294.512495
1438.0	295.979574
1440.0	282.720566
1442.0	295.472751
1444.0	275.357864
1446.0	266.622839
1448.0	267.374350
1450.0	284.643017
1452.0	266.334551
1454.0	297.779519
1456.0	319.278484
1458.0	246.808455
1460.0	280.688196
1462.0	271.798304
1464.0	287.915480
1466.0	283.719258
1468.0	273.991066
1470.0	276.359928
1472.0	275.456360
1474.0	283.464644
1476.0	284.395340
1478.0	267.822880
1480.0	251.425429
1482.0	256.825642
1484.0	266.204510
1486.0	283.774788
1488.0	298.365068
1490.0	277.952020
1492.0	279.088717
1494.0	288.822299
1496.0	293.759691
1498.0	329.401397
1500.0	305.964109
1502.0	329.893793
1504.0	324.455654
1506.0	319.560364
1508.0	316.791329
1510.0	317.862289
1512.0	311.936782
1514.0	333.060764
1516.0	326.081846
1518.0	353.677136
1520.0	336.478411
1522.0	385.874718
1524.0	380.180949
1526.0	370.698742
1528.0	415.396571
1530.0	421.833601
1532.0	425.304216
1534.0	434.447559
1536.0	434.718191
1538.0	431.492975
1540.0	471.864291
1542.0	499.608075
1544.0	549.922834
1546.0	537.368055
1548.0	579.028118
1550.0	609.681685
1552.0	642.726413
1554.0	673.045402
1556.0	696.666619
1558.0	734.167976
1560.0	783.588927
1562.0	838.364782
1564.0	906.695099
1566.0	922.560791
1568.0	997.393485
1570.0	1068.713148
1572.0	1098.714038
1574.0	1128.827302
1576.0	1146.003269
1578.0	1191.366026
1580.0	1205.116990
1582.0	1226.575821
1584.0	1180.138456
1586.0	1153.987301
1588.0	1147.545839
1590.0	1086.378860
1592.0	1055.891579
1594.0	994.380098
1596.0	923.571475
1598.0	897.935342
1600.0	827.210182
1602.0	802.329552
1604.0	748.014714
1606.0	682.686550
1608.0	655.905651
1610.0	640.929887
1612.0	585.991156
1614.0	567.434403
1616.0	527.954715
1618.0	499.439397
1620.0	475.071738
1622.0	475.409056
1624.0	454.631646
1626.0	438.422993
1628.0	421.982232
1630.0	411.092055
1632.0	399.209509
1634.0	379.784725
1636.0	361.434669
1638.0	336.489376
1640.0	359.683624
1642.0	348.208709
1644.0	321.130690
1646.0	340.554064
1648.0	317.259852
1650.0	324.779817
1652.0	269.617787
1654.0	305.858913
1656.0	295.411867
1658.0	277.276223
1660.0	283.767307
1662.0	295.578272
1664.0	298.193420
1666.0	290.242268
1668.0	249.205830
1670.0	276.076747
1672.0	261.626167
1674.0	274.785665
1676.0	267.782765
1678.0	283.173871
1680.0	235.594239
1682.0	264.006050
1684.0	252.289235
1686.0	257.706672
1688.0	278.891418
1690.0	253.161632
1692.0	244.260900
1694.0	249.825245
1696.0	232.496021
1698.0	240.282499
1700.0	233.684543
1702.0	215.210453
1704.0	265.751128
1706.0	237.948010
1708.0	234.495926
1710.0	229.366576
1712.0	234.097888
1714.0	245.963558
1716.0	247.226934
1718.0	212.776244
1720.0	243.744751
1722.0	224.779865
1724.0	238.937143
1726.0	222.630383
1728.0	227.062077
1730.0	221.779149
1732.0	224.380017
1734.0	241.527203
1736.0	237.391796
1738.0	214.241851
1740.0	242.218785
1742.0	237.085499
1744.0	251.881889
1746.0	242.577557
1748.0	244.154233
1750.0	206.808943
1752.0	207.208212
1754.0	229.836644
1756.0	234.930205
1758.0	167.278676
1760.0	221.009778
1762.0	238.898129
1764.0	237.568418
1766.0	223.348153
1768.0	223.071194
1770.0	228.321524
1772.0	209.298535
1774.0	206.328054
1776.0	218.006464
1778.0	222.005132
1780.0	220.592929
1782.0	202.745594
1784.0	199.410457
1786.0	213.731268
1788.0	211.770620
1790.0	247.050517
1792.0	221.419473
1794.0	231.548007
1796.0	212.729518
1798.0	222.833366
1800.0	203.142076
1802.0	188.644176
1804.0	214.156109
1806.0	238.778865
1808.0	206.556032
1810.0	232.629168
1812.0	205.986360
1814.0	206.417191
1816.0	211.175194
1818.0	217.253640
1820.0	204.809572
1822.0	229.646151
1824.0	202.577734
1826.0	218.660889
1828.0	220.597589
1830.0	222.846834
1832.0	214.885416
1834.0	211.260673
1836.0	220.694560
1838.0	203.626788
1840.0	199.839882
1842.0	211.127997
1844.0	197.169560
1846.0	208.770213
1848.0	234.516843
1850.0	197.868118
1852.0	216.436409
1854.0	216.009953
1856.0	220.718722
1858.0	202.598953
1860.0	211.790414
1862.0	232.198030
1864.0	211.699969
1866.0	220.219097
1868.0	162.400979
1870.0	235.617970
1872.0	194.972281
1874.0	219.382363
1876.0	209.547911
1878.0	183.090868
1880.0	186.595682
1882.0	197.717150
1884.0	193.327494
1886.0	205.845129
1888.0	214.949468
1890.0	212.809498
1892.0	228.375880
1894.0	223.731210
1896.0	210.748525
1898.0	207.391074
1900.0	204.435290
1902.0	201.626045
1904.0	174.052192
1906.0	175.561452
1908.0	223.585908
1910.0	208.667108
1912.0	211.962796
1914.0	200.353683
1916.0	234.493333
1918.0	200.006439
1920.0	191.103425
1922.0	209.473495
1924.0	202.724809
1926.0	212.444281
1928.0	208.314796
1930.0	195.687056
1932.0	215.088150
1934.0	208.306899
1936.0	208.347265
1938.0	197.078652
1940.0	230.312108
1942.0	210.627747
1944.0	213.486004
1946.0	201.648432
1948.0	213.364211
1950.0	206.977825
1952.0	208.668520
1954.0	190.552347
1956.0	199.734674
1958.0	194.124272
1960.0	207.943278
1962.0	196.881044
1964.0	194.580723
1966.0	220.042429
1968.0	194.757263
1970.0	200.817012
1972.0	211.838362
1974.0	213.090492
1976.0	191.542004
1978.0	206.824087
1980.0	200.996976
1982.0	208.992868
1984.0	203.390588
1986.0	194.027685
1988.0	190.556344
1990.0	193.931606
1992.0	218.046791
1994.0	191.206448
1996.0	193.403273
1998.0	224.844518
2000.0	217.949573
2002.0	209.497809
2004.0	206.499878
2006.0	212.168459
2008.0	204.081520
2010.0	210.104085
2012.0	204.665921
2014.0	189.044310
2016.0	205.849165
2018.0	211.503514
2020.0	199.255954
2022.0	181.421329
2024.0	198.045652
2026.0	203.185186
2028.0	222.683676
2030.0	208.421471
2032.0	211.012029
2034.0	208.462137
2036.0	219.193849
2038.0	192.227442
2040.0	238.714606
2042.0	227.259870
2044.0	215.474981
2046.0	207.451839
2048.0	226.767242
2050.0	209.509848
2052.0	200.934199
2054.0	192.036552
2056.0	223.990017
2058.0	217.890353
2060.0	211.298048
2062.0	209.768023
2064.0	204.184139
2066.0	207.894302
2068.0	221.996874
2070.0	217.898694
2072.0	232.998397
2074.0	215.964098
2076.0	196.414870
2078.0	205.525060
2080.0	198.252177
2082.0	211.903845
2084.0	199.102863
2086.0	207.279816
2088.0	204.407599
2090.0	211.268278
2092.0	196.381670
2094.0	214.970751
2096.0	212.700756
2098.0	206.193560
2100.0	218.117196
2102.0	202.939026
2104.0	228.725738
2106.0	209.304162
2108.0	166.734740
2110.0	212.282167
2112.0	205.834335
2114.0	199.751346
2116.0	213.115382
2118.0	241.975821
2120.0	230.742263
2122.0	207.595659
2124.0	195.708742
2126.0	222.426897
2128.0	201.923132
2130.0	220.612422
2132.0	207.836749
2134.0	215.260552
2136.0	212.069267
2138.0	216.747687
2140.0	217.507823
2142.0	224.956468
2144.0	207.643475
2146.0	202.554204
2148.0	211.577826
2150.0	243.035279
2152.0	210.995978
2154.0	200.972142
2156.0	205.218513
2158.0	225.213879
2160.0	178.834512
2162.0	207.776782
2164.0	198.692684
2166.0	211.185671
2168.0	211.161706
2170.0	217.691759
2172.0	205.316182
2174.0	193.022387
2176.0	242.574972
2178.0	208.607808
2180.0	188.415055
2182.0	212.475676
2184.0	202.888338
2186.0	206.728968
2188.0	223.508700
2190.0	200.138747
2192.0	225.872595
2194.0	231.803573
2196.0	225.800662
2198.0	211.396123
2200.0	211.461296
2202.0	201.437536
2204.0	217.182288
2206.0	215.891036
2208.0	195.108331
2210.0	206.751257
2212.0	196.839717
2214.0	210.345687
2216.0	224.641832
2218.0	239.303150
2220.0	214.269561
2222.0	193.479477
2224.0	214.431268
2226.0	238.378275
2228.0	196.629355
2230.0	233.587057
2232.0	230.853904
2234.0	205.202719
2236.0	212.917804
2238.0	216.296169
2240.0	201.539258
2242.0	192.108103
2244.0	209.759764
2246.0	218.802176
2248.0	213.864021
2250.0	222.861432
2252.0	224.032859
2254.0	209.539828
2256.0	204.365624
2258.0	224.847595
2260.0	202.990466
2262.0	236.078887
2264.0	229.314006
2266.0	227.035658
2268.0	207.320390
2270.0	227.387849
2272.0	214.734472
2274.0	213.962852
2276.0	225.963290
2278.0	202.352810
2280.0	211.100487
2282.0	218.684334
2284.0	221.036886
2286.0	243.071443
2288.0	215.193014
2290.0	214.428925
2292.0	220.105834
2294.0	225.630679
2296.0	224.770267
2298.0	220.975458
2300.0	223.671297
2302.0	207.474769
2304.0	220.883394
2306.0	233.442837
2308.0	201.830143
2310.0	221.153553
2312.0	231.353272
2314.0	211.348399
2316.0	206.091387
2318.0	214.057755
2320.0	202.637717
2322.0	210.092249
2324.0	234.940348
2326.0	230.434812
2328.0	236.643446
2330.0	232.338093
2332.0	234.300934
2334.0	222.764660
2336.0	216.242877
2338.0	223.373264
2340.0	223.931920
2342.0	217.435563
2344.0	217.798914
2346.0	219.136866
2348.0	231.043546
2350.0	229.184406
2352.0	238.985561
2354.0	226.017694
2356.0	202.929615
2358.0	212.765228
2360.0	210.549981
2362.0	206.713340
2364.0	233.685727
2366.0	225.371903
2368.0	240.313953
2370.0	190.618770
2372.0	200.883713
2374.0	215.661967
2376.0	220.847062
2378.0	215.208872
2380.0	253.131460
2382.0	216.632165
2384.0	211.972867
2386.0	207.975319
2388.0	224.173331
2390.0	218.558021
2392.0	205.377731
2394.0	202.675445
2396.0	211.456394
2398.0	242.287847
2400.0	220.287160
2402.0	240.084376
2404.0	222.487730
2406.0	208.407756
2408.0	241.299533
2410.0	207.662221
2412.0	216.760512
2414.0	210.645244
2416.0	219.895665
2418.0	216.006084
2420.0	238.154808
2422.0	228.339869
2424.0	228.434223
2426.0	231.238843
2428.0	217.323971
2430.0	236.477151
2432.0	216.743791
2434.0	229.564762
2436.0	221.981167
2438.0	207.245768
2440.0	241.014694
2442.0	222.720500
2444.0	223.100813
2446.0	235.865027
2448.0	217.799340
2450.0	243.951735
2452.0	241.254976
2454.0	239.970385
2456.0	238.235084
2458.0	217.178261
2460.0	245.380048
2462.0	212.434985
2464.0	245.921808
2466.0	247.740427
2468.0	256.498207
2470.0	215.536428
2472.0	225.353179
2474.0	212.298457
2476.0	224.583479
2478.0	232.284448
2480.0	243.659371
2482.0	235.652008
2484.0	245.957330
2486.0	243.664211
2488.0	238.011691
2490.0	271.411670
2492.0	230.875603
2494.0	238.632119
2496.0	218.949579
2498.0	212.425027
2500.0	240.334999
2502.0	222.448507
2504.0	262.943373
2506.0	252.104273
2508.0	251.157623
2510.0	243.468279
2512.0	243.103596
2514.0	254.215502
2516.0	252.970445
2518.0	240.272496
2520.0	232.832777
2522.0	247.861126
2524.0	243.950440
2526.0	243.663672
2528.0	238.929397
2530.0	237.776632
2532.0	241.102861
2534.0	258.055397
2536.0	277.120140
2538.0	223.095283
2540.0	234.640644
2542.0	245.720826
2544.0	283.728577
2546.0	250.408023
2548.0	246.304735
2550.0	249.551097
2552.0	272.636140
2554.0	252.357287
2556.0	253.203271
2558.0	253.707236
2560.0	252.859910
2562.0	254.884799
2564.0	240.649254
2566.0	223.793032
2568.0	243.393600
2570.0	260.716330
2572.0	249.191585
2574.0	261.635569
2576.0	270.362098
2578.0	279.589109
2580.0	280.743352
2582.0	268.815185
2584.0	288.574601
2586.0	269.618867
2588.0	289.980360
2590.0	273.250168
2592.0	271.289415
2594.0	274.424966
2596.0	266.987568
2598.0	284.127838
2600.0	280.558080
2602.0	306.202854
2604.0	306.637374
2606.0	287.126499
2608.0	291.106748
2610.0	297.583408
2612.0	322.534533
2614.0	310.407245
2616.0	328.375009
2618.0	322.302932
2620.0	326.431810
2622.0	323.790177
2624.0	325.844920
2626.0	335.541796
2628.0	326.883251
2630.0	337.387124
2632.0	372.507201
2634.0	376.998681
2636.0	360.495629
2638.0	365.031540
2640.0	370.904611
2642.0	385.783996
2644.0	396.101442
2646.0	397.297262
2648.0	393.659505
2650.0	398.947938
2652.0	421.995148
2654.0	424.855799
2656.0	439.179842
2658.0	421.650895
2660.0	434.470690
2662.0	471.178716
2664.0	477.524109
2666.0	458.082654
2668.0	502.687467
2670.0	490.591918
2672.0	502.576479
2674.0	486.492297
2676.0	522.538790
2678.0	568.417550
2680.0	545.045232
2682.0	533.464988
2684.0	551.407789
2686.0	568.385632
2688.0	548.982491
2690.0	575.113551
2692.0	581.988772
2694.0	594.685690
2696.0	583.488777
2698.0	578.767228
2700.0	594.021346
2702.0	549.391287
2704.0	589.284828
2706.0	570.613496
2708.0	576.921439
2710.0	569.412322
2712.0	553.345951
2714.0	571.820624
2716.0	527.808455
2718.0	539.374689
2720.0	532.093764
2722.0	514.560359
2724.0	532.253554
2726.0	502.083511
2728.0	481.803168
2730.0	476.840840
2732.0	486.400425
2734.0	458.651659
2736.0	451.585792
2738.0	432.231596
2740.0	432.994787
2742.0	416.039191
2744.0	429.969428
2746.0	401.379927
2748.0	411.190366
2750.0	402.474818
2752.0	413.739260
2754.0	372.805508
2756.0	386.118187
2758.0	352.826580
2760.0	352.683259
2762.0	354.718749
2764.0	369.870187
2766.0	342.060511
2768.0	333.577982
2770.0	329.991534
2772.0	334.371555
2774.0	353.564220
2776.0	310.841600
2778.0	329.444372
2780.0	296.828019
2782.0	307.183426
2784.0	316.564289
2786.0	304.909847
2788.0	308.318583
2790.0	295.639703
2792.0	310.149201
2794.0	316.995149
2796.0	317.115127
2798.0	317.103894
2800.0	303.003917
2802.0	279.411559
2804.0	281.574571
2806.0	288.622295
2808.0	274.808317
2810.0	286.656133
2812.0	276.380949
2814.0	297.337714
2816.0	268.818978
2818.0	286.313455
2820.0	282.920971
2822.0	293.153795
2824.0	303.640568
2826.0	276.523984
2828.0	241.538725
2830.0	250.303237
2832.0	245.064982
2834.0	283.002333
2836.0	280.522415
2838.0	283.023740
2840.0	295.125267
2842.0	245.816538
2844.0	261.500259
2846.0	272.230327
2848.0	260.280087
2850.0	266.833177
2852.0	289.755450
2854.0	254.494384
2856.0	265.149945
2858.0	276.764442
2860.0	266.512062
2862.0	246.586758
2864.0	247.966636
2866.0	245.259730
2868.0	273.460653
2870.0	265.153195
2872.0	262.461187
2874.0	283.358489
2876.0	227.544510
2878.0	256.977813
2880.0	246.141652
2882.0	266.175312
2884.0	249.231554
2886.0	272.380280
2888.0	254.153040
2890.0	287.268076
2892.0	265.959905
2894.0	244.197311
2896.0	245.781450
2898.0	254.131995
2900.0	256.247908
2902.0	241.039637
2904.0	243.502040
2906.0	228.137158
2908.0	261.825810
2910.0	252.390512
2912.0	264.461433
2914.0	280.165957
2916.0	244.543795
2918.0	246.940263
2920.0	253.756548
2922.0	248.730727
2924.0	239.383052
2926.0	278.413819
2928.0	263.090650
2930.0	273.145660
2932.0	256.257175
2934.0	240.198969
2936.0	240.982553
2938.0	234.573501
2940.0	265.044791
2942.0	263.485675
2944.0	244.226641
2946.0	228.030404
2948.0	233.670134
2950.0	251.617763
2952.0	243.284208
2954.0	200.477877
2956.0	248.352819
2958.0	241.839712
2960.0	243.392324
2962.0	259.133195
2964.0	246.113661
2966.0	256.303800
2968.0	262.927983
2970.0	261.867076
2972.0	280.645359
2974.0	247.994828
2976.0	251.272303
2978.0	269.416489
2980.0	244.404943
2982.0	244.132405
2984.0	243.483743
2986.0	254.270234
2988.0	245.664560
2990.0	269.362231
2992.0	239.794811
2994.0	251.164812
2996.0	215.405917
2998.0	279.538434
3000.0	249.368120
3002.0	260.334374
3004.0	251.834681
3006.0	253.661239
3008.0	255.352605
3010.0	266.605596
3012.0	246.290993
3014.0	265.936933
3016.0	242.940071
3018.0	269.597017
3020.0	262.525802
3022.0	239.214686
3024.0	268.146167
3026.0	244.969215
3028.0	267.586488
3030.0	250.287539
3032.0	250.258262
3034.0	255.055504
3036.0	254.130066
3038.0	241.255024
3040.0	257.648676
3042.0	242.518649
3044.0	262.735691
3046.0	239.387738
3048.0	233.090557
3050.0	260.503584
3052.0	267.328187
3054.0	232.183608
3056.0	245.629535
3058.0	246.046079
3060.0	242.700278
3062.0	245.929666
3064.0	265.072412
3066.0	266.946881
3068.0	236.505372
3070.0	235.177894
3072.0	259.283679
3074.0	242.515699
3076.0	253.894204
3078.0	227.745061
3080.0	234.153720
3082.0	240.457599
3084.0	269.634247
3086.0	241.271547
3088.0	260.987965
3090.0	248.097511
3092.0	260.930345
3094.0	268.825436
3096.0	237.691419
3098.0	289.911643
3100.0	261.581483
3102.0	273.244459
3104.0	258.556393
3106.0	209.098912
3108.0	247.845964
3110.0	253.270892
3112.0	261.456071
3114.0	276.825365
3116.0	239.010800
3118.0	276.674258
3120.0	257.230846
3122.0	252.624729
3124.0	293.490867
3126.0	239.184803
3128.0	274.165995
3130.0	275.257105
3132.0	250.523447
3134.0	235.245464
3136.0	251.606039
3138.0	255.900092
3140.0	267.774506
3142.0	253.293067
3144.0	240.963191
3146.0	278.900535
3148.0	268.765603
3150.0	259.459443
3152.0	260.893820
3154.0	254.398797
3156.0	267.371152
3158.0	259.725997
3160.0	254.787889
3162.0	251.176229
3164.0	261.300768
3166.0	255.204020
3168.0	254.783863
3170.0	247.127406
3172.0	276.908049
3174.0	263.756152
3176.0	247.520039
3178.0	261.578732
3180.0	259.846314
3182.0	250.864419
3184.0	235.729190
3186.0	245.353243
3188.0	253.039616
3190.0	270.102268
3192.0	231.635243
3194.0	244.915853
3196.0	272.250931
3198.0	265.084559
3200.0	262.277343
