Raman shift (cm^-1)	Intensity (a.u.)
800.0	311.176650
802.0	338.282157
804.0	303.165148
806.0	295.208947
808.0	327.076934
810.0	325.232960
812.0	342.718351
814.0	277.036122
816.0	317.148977
818.0	337.326064
820.0	306.939283
822.0	309.398772
824.0	284.028834
826.0	314.918618
828.0	326.644793
830.0	322.167209
832.0	303.236061
834.0	322.300275
836.0	315.803304
838.0	317.789433
840.0	295.710095
842.0	283.829358
844.0	291.783452
846.0	267.588361
848.0	308.940663
850.0	296.819749
852.0	306.698236
854.0	277.931746
856.0	324.127702
858.0	332.607029
860.0	324.839682
862.0	287.258423
864.0	308.508443
866.0	360.012113
868.0	280.544616
870.0	306.979049
872.0	309.237326
874.0	312.276195
876.0	311.459848
878.0	296.048779
880.0	287.159968
882.0	321.185414
884.0	334.584538
886.0	269.046915
888.0	299.704282
890.0	304.255957
892.0	279.420795
894.0	282.289172
896.0	294.732340
898.0	307.998785
900.0	281.663654
902.0	318.249180
904.0	330.371068
906.0	299.867783
908.0	338.535005
910.0	316.344581
912.0	320.002557
914.0	339.283149
916.0	306.949465
918.0	315.711549
920.0	289.848589
922.0	315.681019
924.0	298.226133
926.0	319.546769
928.0	334.213412
930.0	340.999928
932.0	320.980246
934.0	319.575050
936.0	321.693119
938.0	303.072074
940.0	312.589433
942.0	288.723772
944.0	322.289893
946.0	284.762829
948.0	303.268348
950.0	284.441358
952.0	329.554969
954.0	286.291078
956.0	336.617026
958.0	340.417561
960.0	312.638537
962.0	352.065426
964.0	317.147165
966.0	340.104671
968.0	321.349217
970.0	296.647139
972.0	318.753159
974.0	295.605206
976.0	346.638076
978.0	301.673457
980.0	309.079618
982.0	338.340617
984.0	279.855250
986.0	302.225939
988.0	349.762139
990.0	342.758503
992.0	312.606805
994.0	326.626170
996.0	318.631821
998.0	271.603915
1000.0	315.197923
1002.0	273.708913
1004.0	336.130246
1006.0	326.352189
1008.0	309.586429
1010.0	333.167790
1012.0	284.713908
1014.0	341.654696
1016.0	350.663862
1018.0	308.320953
1020.0	334.338936
1022.0	289.148569
1024.0	341.416718
1026.0	316.035270
1028.0	321.920138
1030.0	358.043372
1032.0	315.107967
1034.0	299.351764
1036.0	349.057072
1038.0	308.997050
1040.0	307.439408
1042.0	343.568859
1044.0	324.308933
1046.0	333.785344
1048.0	343.591894
1050.0	336.355482
1052.0	332.618688
1054.0	316.115771
1056.0	330.375499
1058.0	344.035965
1060.0	314.752465
1062.0	316.845698
1064.0	308.235624
1066.0	370.197052
1068.0	359.790570
1070.0	332.279064
1072.0	322.275085
1074.0	349.181691
1076.0	329.685979
1078.0	346.022140
1080.0	349.662963
1082.0	308.647052
1084.0	332.312131
1086.0	309.181422
1088.0	337.818610
1090.0	338.163669
1092.0	312.078791
1094.0	312.941563
1096.0	320.864795
1098.0	353.222855
1100.0	360.265169
1102.0	310.801997
1104.0	357.858061
1106.0	319.974747
1108.0	309.051376
1110.0	359.003190
1112.0	359.199503
1114.0	311.428461
1116.0	346.420645
1118.0	347.089477
1120.0	341.698443
1122.0	334.030911
1124.0	311.394374
1126.0	329.952113
1128.0	353.587001
1130.0	336.243411
1132.0	335.551912
1134.0	371.551708
1136.0	340.735807
1138.0	339.019911
1140.0	350.168808
1142.0	336.448117
1144.0	333.145067
1146.0	333.387119
1148.0	364.596405
1150.0	370.927728
1152.0	382.338465
1154.0	373.304898
1156.0	359.026235
1158.0	368.046475
1160.0	357.869370
1162.0	370.440447
1164.0	352.416172
1166.0	401.069883
1168.0	357.294726
1170.0	363.235864
1172.0	378.473426
1174.0	365.704707
1176.0	380.019952
1178.0	342.499850
1180.0	325.147701
1182.0	408.570589
1184.0	395.088668
1186.0	377.955909
1188.0	383.775421
1190.0	326.072374
1192.0	354.066729
1194.0	375.594634
1196.0	364.166635
1198.0	403.111571
1200.0	378.012247
1202.0	410.455464
1204.0	379.133663
1206.0	375.763752
1208.0	398.848758
1210.0	416.457047
1212.0	435.858318
1214.0	413.186555
1216.0	432.713056
1218.0	397.358023
1220.0	415.830400
1222.0	442.526914
1224.0	425.688951
1226.0	452.680590
1228.0	462.931317
1230.0	438.122691
1232.0	420.542451
1234.0	426.465115
1236.0	453.223923
1238.0	436.541105
1240.0	429.796750
1242.0	463.466637
1244.0	461.942351
1246.0	488.681646
1248.0	478.019715
1250.0	463.379749
1252.0	465.730094
1254.0	449.855803
1256.0	503.682785
1258.0	520.478549
1260.0	469.120792
1262.0	508.339917
1264.0	511.829973
1266.0	492.179918
1268.0	556.668873
1270.0	524.150345
1272.0	609.187168
1274.0	549.134770
1276.0	557.572788
1278.0	560.466260
1280.0	614.892875
1282.0	573.457639
1284.0	572.258387
1286.0	631.014929
1288.0	623.392158
1290.0	633.520743
1292.0	660.085778
1294.0	683.485436
1296.0	712.916980
1298.0	680.436255
1300.0	711.276402
1302.0	741.775909
1304.0	767.218504
1306.0	790.434483
1308.0	818.279080
1310.0	827.147639
1312.0	807.758017
1314.0	831.158889
1316.0	844.139314
1318.0	901.736275
1320.0	915.936723
1322.0	940.248183
1324.0	949.094046
1326.0	957.243308
1328.0	968.360510
1330.0	1067.479898
1332.0	1076.291008
1334.0	1108.155713
1336.0	1106.090998
1338.0	1109.721448
1340.0	1149.017053
1342.0	1203.416269
1344.0	1176.576911
1346.0	1252.206107
1348.0	1238.747921
1350.0	1249.483268
1352.0	1237.917202
1354.0	1284.484704
1356.0	1253.902357
1358.0	1307.335442
1360.0	1281.359235
1362.0	1299.989137
1364.0	1254.440195
1366.0	1287.564323
1368.0	1261.175346
1370.0	1229.416061
1372.0	1258.336264
1374.0	1217.059343
1376.0	1212.694364
1378.0	1169.051396
1380.0	1127.148863
1382.0	1088.664752
1384.0	1100.760707
1386.0	1069.963317
1388.0	1066.991774
1390.0	1016.817161
1392.0	989.431976
1394.0	958.018438
1396.0	931.403244
1398.0	942.560194
1400.0	898.594931
1402.0	881.287534
1404.0	876.703690
1406.0	826.088866
1408.0	841.787258
1410.0	776.183304
1412.0	807.598955
1414.0	797.832221
1416.0	799.089104
1418.0	731.577808
1420.0	725.220590
1422.0	690.664928
1424.0	702.744639
1426.0	709.720963
1428.0	636.707844
1430.0	658.778095
1432.0	656.133490
1434.0	648.666885
1436.0	600.974889
1438.0	555.763243
1440.0	548.881667
1442.0	637.608886
1444.0	558.748484
1446.0	604.529430
1448.0	588.158529
1450.0	584.099337
1452.0	539.941554
1454.0	569.304838
1456.0	524.466133
1458.0	566.315779
1460.0	547.018844
1462.0	546.678417
1464.0	514.486163
1466.0	536.399438
1468.0	538.231649
1470.0	546.044922
1472.0	523.581467
1474.0	487.556841
1476.0	487.503839
1478.0	521.634272
1480.0	545.954097
1482.0	508.760074
1484.0	516.029429
1486.0	535.660920
1488.0	501.850842
1490.0	504.220500
1492.0	525.586734
1494.0	516.503979
1496.0	543.575182
1498.0	542.505675
1500.0	520.608158
1502.0	528.581009
1504.0	518.365551
1506.0	519.071130
1508.0	519.657666
1510.0	524.114964
1512.0	555.659334
1514.0	540.809587
1516.0	551.244640
1518.0	536.517829
1520.0	562.544385
1522.0	520.562366
1524.0	580.027513
1526.0	574.970470
1528.0	597.487432
1530.0	655.996991
1532.0	645.677513
1534.0	648.762737
1536.0	673.804975
1538.0	679.505030
1540.0	677.073425
1542.0	699.634927
1544.0	716.942242
1546.0	702.788818
1548.0	783.956331
1550.0	778.112444
1552.0	842.811413
1554.0	857.636604
1556.0	835.623691
1558.0	896.178295
1560.0	963.441376
1562.0	956.151571
1564.0	1012.356107
1566.0	1088.281238
1568.0	1127.467370
1570.0	1182.454604
1572.0	1178.152973
1574.0	1212.927956
1576.0	1265.111236
1578.0	1318.390677
1580.0	1343.713419
1582.0	1341.531318
1584.0	1335.621466
1586.0	1353.980435
1588.0	1341.932654
1590.0	1319.539249
1592.0	1270.880529
1594.0	1264.322379
1596.0	1239.706176
1598.0	1184.702210
1600.0	1111.460835
1602.0	1104.838915
1604.0	1056.901445
1606.0	977.885423
1608.0	973.498788
1610.0	930.201757
1612.0	894.407560
1614.0	836.755534
1616.0	819.499883
1618.0	772.848190
1620.0	732.803409
1622.0	721.135017
1624.0	687.851040
1626.0	693.806396
1628.0	682.015432
1630.0	632.432449
1632.0	658.360366
1634.0	608.781875
1636.0	585.670189
1638.0	573.198266
1640.0	601.945356
1642.0	555.155136
1644.0	550.069612
1646.0	516.673143
1648.0	547.755203
1650.0	501.563287
1652.0	498.283096
1654.0	490.830742
1656.0	495.649339
1658.0	473.320973
1660.0	465.917200
1662.0	470.200556
1664.0	478.406274
1666.0	457.546785
1668.0	415.184474
1670.0	456.918441
1672.0	414.289925
1674.0	417.330805
1676.0	422.056532
1678.0	460.216765
1680.0	411.688005
1682.0	379.864246
1684.0	413.610974
1686.0	445.735868
1688.0	381.666637
1690.0	392.753831
1692.0	410.403017
1694.0	383.092874
1696.0	389.126553
1698.0	411.257430
1700.0	392.982949
1702.0	423.395392
1704.0	387.249221
1706.0	425.960623
1708.0	402.321136
1710.0	376.415826
1712.0	409.961557
1714.0	385.319259
1716.0	364.280256
1718.0	364.541864
1720.0	354.398989
1722.0	382.183117
1724.0	358.890927
1726.0	352.522434
1728.0	346.428287
1730.0	345.878192
1732.0	380.918985
1734.0	366.944544
1736.0	376.184889
1738.0	379.628359
1740.0	363.375127
1742.0	365.993038
1744.0	361.747786
1746.0	348.219560
1748.0	353.502907
1750.0	363.268503
1752.0	358.330070
1754.0	338.399814
1756.0	344.454133
1758.0	340.749249
1760.0	357.726450
1762.0	321.565022
1764.0	360.284915
1766.0	349.352596
1768.0	312.002022
1770.0	377.304137
1772.0	336.639426
1774.0	346.199782
1776.0	356.326332
1778.0	359.237690
1780.0	315.895310
1782.0	307.667946
1784.0	345.617898
1786.0	343.574885
1788.0	335.027816
1790.0	352.656693
1792.0	324.483097
1794.0	332.304553
1796.0	342.656553
1798.0	339.526026
1800.0	341.676949
1802.0	347.618279
1804.0	375.024048
1806.0	341.678221
1808.0	341.767077
1810.0	338.776101
1812.0	365.416299
1814.0	301.577653
1816.0	331.568093
1818.0	356.326051
1820.0	346.507109
1822.0	325.457860
1824.0	325.997415
1826.0	348.243215
1828.0	337.797124
1830.0	323.872515
1832.0	333.265586
1834.0	298.998448
1836.0	323.467756
1838.0	314.488085
1840.0	351.077303
1842.0	328.987690
1844.0	320.601364
1846.0	330.056929
1848.0	356.905614
1850.0	354.068407
1852.0	359.223612
1854.0	331.037654
1856.0	346.730674
1858.0	364.300784
1860.0	331.601224
1862.0	360.427598
1864.0	347.807062
1866.0	304.746744
1868.0	374.184158
1870.0	320.823157
1872.0	343.129907
1874.0	347.611612
1876.0	362.940482
1878.0	349.437450
1880.0	318.961475
1882.0	362.490651
1884.0	356.563841
1886.0	351.722714
1888.0	296.385333
1890.0	351.458378
1892.0	335.101968
1894.0	350.114893
1896.0	304.029255
1898.0	332.522863
1900.0	370.791998
1902.0	314.940782
1904.0	323.542047
1906.0	332.397836
1908.0	324.327193
1910.0	349.094098
1912.0	345.478027
1914.0	330.219424
1916.0	333.439251
1918.0	328.720323
1920.0	329.604868
1922.0	332.913652
1924.0	334.389124
1926.0	373.630012
1928.0	345.338272
1930.0	329.860705
1932.0	326.561165
1934.0	356.053162
1936.0	358.819022
1938.0	290.545269
1940.0	345.479818
1942.0	355.752104
1944.0	304.083776
1946.0	327.822872
1948.0	316.273450
1950.0	344.352926
1952.0	337.355540
1954.0	337.186377
1956.0	334.085937
1958.0	305.819781
1960.0	353.603864
1962.0	327.061955
1964.0	331.938512
1966.0	361.396340
1968.0	334.875578
1970.0	363.749414
1972.0	344.548273
1974.0	333.630972
1976.0	314.868746
1978.0	331.929680
1980.0	372.870019
1982.0	366.236703
1984.0	277.722118
1986.0	317.669730
1988.0	315.179569
1990.0	313.321166
1992.0	346.073474
1994.0	319.159281
1996.0	325.828013
1998.0	332.556807
2000.0	313.810393
2002.0	361.403153
2004.0	336.587891
2006.0	326.651037
2008.0	375.887978
2010.0	356.100200
2012.0	307.495379
2014.0	332.395004
2016.0	306.171335
2018.0	347.329280
2020.0	304.696657
2022.0	325.982067
2024.0	348.702250
2026.0	289.089248
2028.0	342.120114
2030.0	347.704127
2032.0	340.129904
2034.0	333.393018
2036.0	361.338413
2038.0	336.425035
2040.0	341.572068
2042.0	367.779455
2044.0	312.872924
2046.0	321.783840
2048.0	339.215190
2050.0	335.728301
2052.0	321.130010
2054.0	303.732526
2056.0	324.534532
2058.0	349.665479
2060.0	302.687082
2062.0	318.147374
2064.0	310.119573
2066.0	327.771552
2068.0	298.400114
2070.0	320.789901
2072.0	355.078012
2074.0	366.122129
2076.0	351.217342
2078.0	330.932699
2080.0	334.069666
2082.0	349.759063
2084.0	307.669196
2086.0	333.619069
2088.0	357.997193
2090.0	332.695767
2092.0	296.220412
2094.0	351.372605
2096.0	323.114529
2098.0	338.135752
2100.0	314.275261
2102.0	318.708862
2104.0	354.729086
2106.0	316.561485
2108.0	309.933291
2110.0	315.708841
2112.0	338.201825
2114.0	323.422939
2116.0	380.614490
2118.0	307.722349
2120.0	330.172659
2122.0	322.510159
2124.0	309.358269
2126.0	343.708239
2128.0	339.444574
2130.0	331.611855
2132.0	323.044274
2134.0	350.416919
2136.0	344.144862
2138.0	337.704701
2140.0	335.927888
2142.0	334.743206
2144.0	327.112504
2146.0	339.456006
2148.0	334.254641
2150.0	355.800320
2152.0	313.026676
2154.0	356.754002
2156.0	303.783202
2158.0	367.416500
2160.0	346.437839
2162.0	338.797892
2164.0	336.313315
2166.0	309.443978
2168.0	383.260773
2170.0	330.395824
2172.0	329.886565
2174.0	335.208564
2176.0	345.267014
2178.0	337.747036
2180.0	355.198059
2182.0	352.703141
2184.0	312.061439
2186.0	339.999985
2188.0	378.511084
2190.0	324.076111
2192.0	326.570208
2194.0	340.616920
2196.0	358.746033
2198.0	333.239649
2200.0	322.418303
2202.0	353.758727
2204.0	316.372497
2206.0	334.534554
2208.0	324.674271
2210.0	344.200596
2212.0	361.722771
2214.0	336.324484
2216.0	358.350075
2218.0	340.359856
2220.0	372.589616
2222.0	315.805201
2224.0	356.791623
2226.0	328.655701
2228.0	344.292912
2230.0	323.117815
2232.0	336.053987
2234.0	324.953316
2236.0	364.681389
2238.0	342.776428
2240.0	338.779477
2242.0	327.372622
2244.0	319.770988
2246.0	330.388305
2248.0	368.740685
2250.0	298.843980
2252.0	356.408122
2254.0	363.721899
2256.0	330.769891
2258.0	325.341743
2260.0	337.713913
2262.0	323.148307
2264.0	391.790485
2266.0	336.555023
2268.0	333.787126
2270.0	351.330604
2272.0	326.574568
2274.0	345.395798
2276.0	359.844183
2278.0	352.302531
2280.0	295.295471
2282.0	336.669712
2284.0	313.574301
2286.0	344.057283
2288.0	338.727179
2290.0	331.644414
2292.0	338.240108
2294.0	343.660341
2296.0	340.041013
2298.0	299.734010
2300.0	367.872239
2302.0	375.679612
2304.0	349.561007
2306.0	353.075151
2308.0	337.673967
2310.0	359.757565
2312.0	324.756647
2314.0	356.490614
2316.0	369.892528
2318.0	353.416615
2320.0	347.807544
2322.0	356.254615
2324.0	353.503125
2326.0	364.734311
2328.0	344.576159
2330.0	308.554554
2332.0	326.246643
2334.0	333.472627
2336.0	376.996860
2338.0	336.988785
2340.0	375.168269
2342.0	362.507861
2344.0	345.132241
2346.0	367.600792
2348.0	339.764611
2350.0	345.870472
2352.0	350.255574
2354.0	338.013249
2356.0	349.901274
2358.0	392.551733
2360.0	363.626541
2362.0	355.473013
2364.0	384.474792
2366.0	345.626477
2368.0	355.502377
2370.0	340.712079
2372.0	342.189659
2374.0	384.112957
2376.0	359.543784
2378.0	343.584362
2380.0	349.876225
2382.0	329.414951
2384.0	346.519893
2386.0	363.021525
2388.0	335.717690
2390.0	365.014233
2392.0	346.518803
2394.0	338.777779
2396.0	328.401342
2398.0	338.301756
2400.0	327.482716
2402.0	327.007701
2404.0	371.164083
2406.0	344.846608
2408.0	407.769679
2410.0	344.761526
2412.0	346.933438
2414.0	371.302761
2416.0	365.917382
2418.0	347.048274
2420.0	338.644914
2422.0	396.055927
2424.0	361.585959
2426.0	347.849229
2428.0	382.674564
2430.0	353.856750
2432.0	354.004821
2434.0	361.921106
2436.0	362.763941
2438.0	376.740356
2440.0	359.525163
2442.0	342.033277
2444.0	358.815745
2446.0	333.608423
2448.0	376.811391
2450.0	323.772308
2452.0	340.939585
2454.0	354.597994
2456.0	361.544639
2458.0	352.313206
2460.0	380.602134
2462.0	389.801586
2464.0	358.582842
2466.0	347.018312
2468.0	402.187724
2470.0	383.374164
2472.0	363.786805
2474.0	378.983677
2476.0	384.660202
2478.0	373.339468
2480.0	365.122137
2482.0	376.415125
2484.0	378.867695
2486.0	366.709025
2488.0	356.361651
2490.0	376.457941
2492.0	353.637657
2494.0	331.298238
2496.0	347.321284
2498.0	384.232083
2500.0	399.714521
2502.0	362.444945
2504.0	407.560676
2506.0	363.246311
2508.0	371.083756
2510.0	399.760457
2512.0	368.897964
2514.0	380.035399
2516.0	368.930940
2518.0	344.289913
2520.0	361.873538
2522.0	361.262052
2524.0	372.752028
2526.0	355.071491
2528.0	376.241289
2530.0	342.214299
2532.0	380.977003
2534.0	383.647908
2536.0	390.933964
2538.0	406.481103
2540.0	382.560791
2542.0	368.081894
2544.0	430.459680
2546.0	383.676687
2548.0	398.320848
2550.0	358.484514
2552.0	364.331116
2554.0	376.448337
2556.0	360.656591
2558.0	385.456715
2560.0	409.074862
2562.0	391.582241
2564.0	374.675444
2566.0	389.679596
2568.0	382.762135
2570.0	383.032923
2572.0	396.703568
2574.0	399.409177
2576.0	393.612598
2578.0	402.011995
2580.0	352.231033
2582.0	381.701850
2584.0	392.681358
2586.0	398.474636
2588.0	422.881216
2590.0	459.928340
2592.0	392.506027
2594.0	384.462494
2596.0	400.371497
2598.0	392.721003
2600.0	405.042753
2602.0	411.517464
2604.0	412.019541
2606.0	391.500175
2608.0	382.162300
2610.0	429.088931
2612.0	428.708260
2614.0	404.149106
2616.0	400.679544
2618.0	416.324636
2620.0	442.800910
2622.0	445.421397
2624.0	430.969608
2626.0	438.640149
2628.0	434.392645
2630.0	450.028396
2632.0	472.990070
2634.0	420.022327
2636.0	445.261909
2638.0	393.860881
2640.0	433.142624
2642.0	424.969509
2644.0	472.894367
2646.0	429.877365
2648.0	470.531416
2650.0	470.977003
2652.0	438.187617
2654.0	479.849395
2656.0	451.536564
2658.0	486.424802
2660.0	463.061659
2662.0	454.283766
2664.0	488.337443
2666.0	467.527318
2668.0	503.442444
2670.0	505.631508
2672.0	503.163434
2674.0	502.972569
2676.0	504.272223
2678.0	494.823732
2680.0	514.713392
2682.0	488.767699
2684.0	524.446597
2686.0	511.457743
2688.0	531.635869
2690.0	516.835928
2692.0	535.104621
2694.0	542.231965
2696.0	519.695859
2698.0	521.570098
2700.0	510.615644
2702.0	555.421025
2704.0	545.071324
2706.0	544.847050
2708.0	572.378777
2710.0	528.928216
2712.0	568.587666
2714.0	562.605937
2716.0	511.834118
2718.0	557.772147
2720.0	547.315456
2722.0	538.338140
2724.0	567.236889
2726.0	515.173981
2728.0	561.437354
2730.0	572.337257
2732.0	553.512978
2734.0	532.361954
2736.0	561.017180
2738.0	503.396531
2740.0	532.501715
2742.0	532.601763
2744.0	494.499861
2746.0	510.209642
2748.0	473.082228
2750.0	509.264557
2752.0	504.460962
2754.0	498.797315
2756.0	548.291882
2758.0	481.674723
2760.0	458.211346
2762.0	464.141299
2764.0	478.423426
2766.0	463.358304
2768.0	468.285201
2770.0	482.923997
2772.0	479.853171
2774.0	457.828511
2776.0	457.992542
2778.0	462.174693
2780.0	467.101295
2782.0	491.618098
2784.0	448.890803
2786.0	456.955404
2788.0	493.282362
2790.0	451.694091
2792.0	459.057013
2794.0	418.086884
2796.0	429.613786
2798.0	438.894225
2800.0	452.575246
2802.0	446.831389
2804.0	453.723072
2806.0	403.547205
2808.0	424.410162
2810.0	429.993138
2812.0	421.024743
2814.0	463.191606
2816.0	424.958120
2818.0	411.491241
2820.0	443.053711
2822.0	443.582686
2824.0	441.431333
2826.0	411.628741
2828.0	446.030306
2830.0	423.711767
2832.0	430.225840
2834.0	416.781260
2836.0	403.839768
2838.0	377.378433
2840.0	410.002863
2842.0	385.356106
2844.0	405.756497
2846.0	398.505556
2848.0	416.085125
2850.0	406.699305
2852.0	397.008315
2854.0	435.854259
2856.0	403.870792
2858.0	388.103732
2860.0	425.882454
2862.0	415.226086
2864.0	407.015110
2866.0	400.216093
2868.0	392.280704
2870.0	434.719130
2872.0	395.176372
2874.0	433.748200
2876.0	428.375832
2878.0	395.897924
2880.0	434.451477
2882.0	357.116229
2884.0	430.233082
2886.0	414.188526
2888.0	384.908914
2890.0	370.985823
2892.0	413.519525
2894.0	395.823012
2896.0	404.122556
2898.0	398.758320
2900.0	414.518615
2902.0	392.538459
2904.0	427.113614
2906.0	422.222984
2908.0	388.375984
2910.0	408.470162
2912.0	402.849885
2914.0	413.327031
2916.0	418.858944
2918.0	379.072857
2920.0	413.084072
2922.0	408.698537
2924.0	408.796750
2926.0	395.783784
2928.0	410.444949
2930.0	388.352557
2932.0	413.970199
2934.0	419.458199
2936.0	381.697444
2938.0	407.583617
2940.0	414.906369
2942.0	373.986192
2944.0	388.126259
2946.0	399.270762
2948.0	426.795771
2950.0	403.781960
2952.0	380.953653
2954.0	423.474713
2956.0	360.383252
2958.0	418.172294
2960.0	418.848104
2962.0	413.558032
2964.0	407.065458
2966.0	422.106490
2968.0	450.570070
2970.0	426.707728
2972.0	401.742962
2974.0	419.723040
2976.0	423.927122
2978.0	409.807291
2980.0	402.384140
2982.0	385.853468
2984.0	405.388131
2986.0	406.485515
2988.0	388.703393
2990.0	389.119697
2992.0	413.769556
2994.0	398.541243
2996.0	432.245912
2998.0	386.583964
3000.0	440.240936
3002.0	433.897407
3004.0	423.623904
3006.0	382.834749
3008.0	377.315921
3010.0	394.751469
3012.0	404.325077
3014.0	411.927685
3016.0	399.412519
3018.0	408.115719
3020.0	401.829721
3022.0	405.342122
3024.0	384.347181
3026.0	404.063302
3028.0	429.352365
3030.0	414.682065
3032.0	392.676759
3034.0	421.171136
3036.0	403.790579
3038.0	420.544569
3040.0	448.217014
3042.0	446.160423
3044.0	408.234020
3046.0	407.280007
3048.0	408.276594
3050.0	390.229574
3052.0	424.817651
3054.0	397.133370
3056.0	380.678733
3058.0	410.370579
3060.0	409.931132
3062.0	387.208673
3064.0	382.504155
3066.0	434.126687
3068.0	404.715229
3070.0	396.702682
3072.0	378.366955
3074.0	370.904562
3076.0	402.843995
3078.0	419.587231
3080.0	376.656059
3082.0	378.594162
3084.0	421.719849
3086.0	394.895736
3088.0	428.553236
3090.0	424.522810
3092.0	447.494164
3094.0	376.465437
3096.0	386.699383
3098.0	434.000434
3100.0	406.796310
3102.0	391.373625
3104.0	406.274716
3106.0	403.274005
3108.0	400.570851
3110.0	383.275799
3112.0	407.674474
3114.0	387.849314
3116.0	392.118538
3118.0	406.062836
3120.0	412.637662
3122.0	441.271696
3124.0	416.696026
3126.0	431.261190
3128.0	411.877155
3130.0	419.122647
3132.0	424.726680
3134.0	447.030485
3136.0	429.032609
3138.0	432.190432
3140.0	402.588697
3142.0	414.174341
3144.0	422.191279
3146.0	422.276664
3148.0	451.897536
3150.0	398.342954
3152.0	380.839248
3154.0	430.682891
3156.0	437.376942
3158.0	365.708817
3160.0	408.823792
3162.0	424.716169
3164.0	441.299014
3166.0	427.243144
3168.0	399.128497
3170.0	415.441586
3172.0	411.646428
3174.0	396.045665
3176.0	435.847866
3178.0	415.119404
3180.0	448.833187
3182.0	416.062186
3184.0	421.750503
3186.0	380.534675
3188.0	401.354148
3190.0	379.783902
3192.0	424.320539
3194.0	429.391175
3196.0	461.173309
3198.0	455.683646
3200.0	411.695468
