Raman shift (cm^-1)	Intensity (a.u.)
800.0	149.277623
802.0	133.238328
804.0	176.708515
806.0	147.795103
808.0	149.037897
810.0	164.958474
812.0	170.996165
814.0	156.705187
816.0	165.041902
818.0	154.348402
820.0	159.384551
822.0	151.912769
824.0	148.895515
826.0	135.573244
828.0	153.313892
830.0	142.036749
832.0	139.709596
834.0	157.543743
836.0	153.524849
838.0	153.002468
840.0	167.547075
842.0	131.102766
844.0	163.668841
846.0	137.046776
848.0	141.560824
850.0	160.135201
852.0	168.044346
854.0	153.214866
856.0	160.298037
858.0	169.735449
860.0	146.393302
862.0	156.778153
864.0	125.522945
866.0	150.612925
868.0	150.467553
870.0	157.047911
872.0	156.707513
874.0	153.348665
876.0	132.068173
878.0	151.626347
880.0	148.261890
882.0	158.745387
884.0	137.147034
886.0	160.818508
888.0	166.310202
890.0	157.864141
892.0	150.167422
894.0	160.727078
896.0	154.651023
898.0	143.293920
900.0	170.796658
902.0	145.731235
904.0	145.253532
906.0	129.665240
908.0	159.451441
910.0	145.075031
912.0	139.003978
914.0	165.621128
916.0	143.235203
918.0	146.017741
920.0	156.498471
922.0	191.551046
924.0	161.199964
926.0	174.568611
928.0	165.512713
930.0	150.218945
932.0	138.084484
934.0	169.500933
936.0	149.390873
938.0	133.176925
940.0	143.669023
942.0	153.067772
944.0	146.293702
946.0	146.694291
948.0	153.799691
950.0	168.680114
952.0	145.421041
954.0	164.222183
956.0	164.096888
958.0	146.915902
960.0	163.308381
962.0	139.183363
964.0	144.878598
966.0	145.707313
968.0	159.116401
970.0	135.936485
972.0	162.557445
974.0	149.078616
976.0	159.231384
978.0	160.285009
980.0	144.524269
982.0	160.908218
984.0	146.292596
986.0	150.060900
988.0	157.001175
990.0	150.336116
992.0	151.763500
994.0	151.438194
996.0	171.461808
998.0	138.123811
1000.0	158.732224
1002.0	150.390926
1004.0	157.331599
1006.0	168.233656
1008.0	156.535273
1010.0	158.394327
1012.0	152.076558
1014.0	157.062157
1016.0	153.961847
1018.0	144.958339
1020.0	136.687797
1022.0	143.333387
1024.0	160.142460
1026.0	179.818190
1028.0	171.838439
1030.0	157.051501
1032.0	161.034896
1034.0	168.529582
1036.0	138.879779
1038.0	142.367558
1040.0	150.759951
1042.0	128.008612
1044.0	143.678836
1046.0	132.051619
1048.0	185.073703
1050.0	163.315555
1052.0	164.805884
1054.0	174.714921
1056.0	156.567083
1058.0	145.023131
1060.0	137.970630
1062.0	171.780740
1064.0	149.444254
1066.0	168.236910
1068.0	150.084928
1070.0	157.967739
1072.0	143.565724
1074.0	162.597867
1076.0	172.828082
1078.0	155.655367
1080.0	150.030345
1082.0	150.155398
1084.0	166.801017
1086.0	159.705252
1088.0	156.021576
1090.0	141.048439
1092.0	151.433829
1094.0	157.126269
1096.0	166.105589
1098.0	166.695621
1100.0	162.421670
1102.0	158.415072
1104.0	145.890755
1106.0	131.620616
1108.0	170.425537
1110.0	169.361473
1112.0	171.558150
1114.0	156.421016
1116.0	165.661778
1118.0	181.954357
1120.0	172.437917
1122.0	154.495401
1124.0	153.862527
1126.0	143.362164
1128.0	132.768535
1130.0	164.319430
1132.0	151.613379
1134.0	167.220891
1136.0	159.336072
1138.0	177.560199
1140.0	152.158703
1142.0	145.009999
1144.0	161.818492
1146.0	178.740829
1148.0	144.190372
1150.0	148.166196
1152.0	149.714542
1154.0	155.668535
1156.0	159.987567
1158.0	167.023083
1160.0	169.288086
1162.0	144.391979
1164.0	163.943729
1166.0	151.369448
1168.0	152.299059
1170.0	155.248045
1172.0	164.400447
1174.0	151.020868
1176.0	154.238550
1178.0	150.820581
1180.0	160.534716
1182.0	166.166422
1184.0	144.814285
1186.0	164.370954
1188.0	156.079607
1190.0	165.228726
1192.0	167.702895
1194.0	155.208381
1196.0	140.609995
1198.0	180.422183
1200.0	158.902571
1202.0	182.708504
1204.0	164.236924
1206.0	156.018332
1208.0	176.149772
1210.0	160.218917
1212.0	168.874565
1214.0	173.073301
1216.0	181.270257
1218.0	174.301403
1220.0	168.005051
1222.0	165.704824
1224.0	170.429804
1226.0	154.815326
1228.0	189.063314
1230.0	154.819754
1232.0	189.549416
1234.0	193.551878
1236.0	178.468684
1238.0	161.152180
1240.0	186.201449
1242.0	186.942365
1244.0	169.619797
1246.0	169.196190
1248.0	189.073859
1250.0	185.426772
1252.0	208.732392
1254.0	183.231119
1256.0	201.715499
1258.0	223.582994
1260.0	189.107595
1262.0	201.121925
1264.0	192.736776
1266.0	183.538957
1268.0	189.955092
1270.0	210.301979
1272.0	195.056703
1274.0	178.883646
1276.0	221.342187
1278.0	207.067803
1280.0	223.296191
1282.0	198.829640
1284.0	215.102842
1286.0	227.926402
1288.0	230.246021
1290.0	229.536613
1292.0	215.248597
1294.0	247.990255
1296.0	241.785072
1298.0	221.516493
1300.0	248.637774
1302.0	258.299464
1304.0	249.770760
1306.0	256.174806
1308.0	274.680182
1310.0	288.905714
1312.0	277.113438
1314.0	291.571301
1316.0	316.582708
1318.0	308.699331
1320.0	331.879369
1322.0	343.608621
1324.0	319.628224
1326.0	345.594865
1328.0	346.374114
1330.0	357.862597
1332.0	387.779472
1334.0	379.180514
1336.0	395.818256
1338.0	416.219734
1340.0	382.257089
1342.0	416.620752
1344.0	418.450771
1346.0	433.002218
1348.0	412.305374
1350.0	430.425478
1352.0	421.101430
1354.0	424.280750
1356.0	403.023687
1358.0	401.429862
1360.0	374.253129
1362.0	410.103711
1364.0	366.816581
1366.0	364.937986
1368.0	368.187369
1370.0	340.849645
1372.0	354.884148
1374.0	326.641478
1376.0	319.462353
1378.0	308.678562
1380.0	304.799846
1382.0	307.427666
1384.0	271.831486
1386.0	278.422837
1388.0	281.168227
1390.0	257.042941
1392.0	281.925206
1394.0	263.452925
1396.0	245.958709
1398.0	259.988375
1400.0	251.979566
1402.0	241.352432
1404.0	250.275436
1406.0	257.935159
1408.0	219.232621
1410.0	234.707314
1412.0	218.723124
1414.0	253.563326
1416.0	204.596000
1418.0	229.433454
1420.0	235.980932
1422.0	223.087642
1424.0	221.252636
1426.0	209.750449
1428.0	211.296381
1430.0	225.299575
1432.0	207.789093
1434.0	239.683439
1436.0	221.155216
1438.0	204.701032
1440.0	221.808129
1442.0	205.615037
1444.0	196.157778
1446.0	200.250708
1448.0	220.533557
1450.0	208.060816
1452.0	229.163203
1454.0	223.961740
1456.0	211.185114
1458.0	201.271898
1460.0	206.514476
1462.0	225.279281
1464.0	223.098788
1466.0	220.729351
1468.0	218.208219
1470.0	218.573243
1472.0	225.327228
1474.0	230.378295
1476.0	207.537980
1478.0	220.579430
1480.0	256.842280
1482.0	215.061178
1484.0	208.318565
1486.0	232.046881
1488.0	226.671737
1490.0	250.875866
1492.0	262.119149
1494.0	256.881606
1496.0	236.001298
1498.0	263.879672
1500.0	246.323862
1502.0	239.661722
1504.0	238.264675
1506.0	266.682055
1508.0	253.111861
1510.0	270.709735
1512.0	277.979210
1514.0	281.008338
1516.0	284.537032
1518.0	291.375551
1520.0	304.604957
1522.0	310.964280
1524.0	308.619961
1526.0	317.209768
1528.0	351.418612
1530.0	331.851507
1532.0	377.055538
1534.0	377.206552
1536.0	400.331131
1538.0	423.209784
1540.0	457.415235
1542.0	429.465500
1544.0	485.755832
1546.0	495.999971
1548.0	539.269274
1550.0	563.968780
1552.0	591.522368
1554.0	643.932732
1556.0	679.019798
1558.0	725.101221
1560.0	769.882401
1562.0	820.076898
1564.0	870.337719
1566.0	926.633168
1568.0	985.990440
1570.0	1044.552907
1572.0	1076.254301
1574.0	1143.367800
1576.0	1152.035416
1578.0	1149.385925
1580.0	1153.590816
1582.0	1122.670441
1584.0	1111.777072
1586.0	1087.375862
1588.0	1044.549495
1590.0	987.832805
1592.0	952.144895
1594.0	880.174283
1596.0	821.349481
1598.0	754.763530
1600.0	730.171174
1602.0	688.256023
1604.0	669.224051
1606.0	626.764469
1608.0	582.068994
1610.0	521.780339
1612.0	476.737688
1614.0	477.264470
1616.0	450.933789
1618.0	422.414736
1620.0	409.715135
1622.0	390.432151
1624.0	351.957635
1626.0	378.765696
1628.0	356.614017
1630.0	330.127506
1632.0	329.303482
1634.0	320.145338
1636.0	299.511304
1638.0	286.939682
1640.0	283.836241
1642.0	295.661415
1644.0	281.489218
1646.0	278.301402
1648.0	279.447349
1650.0	253.331690
1652.0	243.223999
1654.0	258.455598
1656.0	256.225869
1658.0	247.813931
1660.0	219.010542
1662.0	212.766260
1664.0	216.310318
1666.0	207.237840
1668.0	230.624475
1670.0	238.005495
1672.0	197.191096
1674.0	225.226206
1676.0	210.396053
1678.0	215.113787
1680.0	217.842602
1682.0	215.412243
1684.0	225.397386
1686.0	205.924587
1688.0	205.596436
1690.0	192.699056
1692.0	202.955563
1694.0	200.292802
1696.0	203.046189
1698.0	193.512811
1700.0	174.216387
1702.0	198.455343
1704.0	203.722280
1706.0	209.916354
1708.0	173.585343
1710.0	188.170816
1712.0	171.164221
1714.0	177.440748
1716.0	182.126678
1718.0	170.840726
1720.0	178.519086
1722.0	175.455190
1724.0	165.783244
1726.0	177.708505
1728.0	191.480861
1730.0	164.128813
1732.0	165.390557
1734.0	167.796101
1736.0	200.114678
1738.0	170.955968
1740.0	189.415812
1742.0	184.131179
1744.0	175.150018
1746.0	176.729909
1748.0	154.683097
1750.0	177.965528
1752.0	161.640061
1754.0	177.219624
1756.0	177.707114
1758.0	165.106320
1760.0	179.658318
1762.0	176.564761
1764.0	170.628816
1766.0	181.391592
1768.0	186.230904
1770.0	162.974156
1772.0	174.578177
1774.0	176.446558
1776.0	170.133597
1778.0	171.811647
1780.0	173.947725
1782.0	178.079273
1784.0	163.735155
1786.0	162.406871
1788.0	181.708960
1790.0	157.432767
1792.0	161.130296
1794.0	169.996980
1796.0	159.873923
1798.0	150.329239
1800.0	172.740242
1802.0	190.458516
1804.0	158.802838
1806.0	166.390109
1808.0	155.901462
1810.0	172.178410
1812.0	201.271981
1814.0	150.338293
1816.0	168.596606
1818.0	153.570626
1820.0	161.104333
1822.0	179.188074
1824.0	136.956679
1826.0	134.868103
1828.0	134.956997
1830.0	172.542117
1832.0	160.940205
1834.0	192.377213
1836.0	155.579689
1838.0	161.656558
1840.0	182.234083
1842.0	152.431029
1844.0	161.498827
1846.0	165.688410
1848.0	162.249811
1850.0	136.669325
1852.0	167.574416
1854.0	169.973097
1856.0	174.547315
1858.0	151.843619
1860.0	185.584698
1862.0	172.819703
1864.0	138.531855
1866.0	173.267543
1868.0	162.583745
1870.0	182.557081
1872.0	171.791829
1874.0	147.742725
1876.0	192.926610
1878.0	162.092848
1880.0	157.214602
1882.0	155.879774
1884.0	168.349687
1886.0	176.620965
1888.0	165.955729
1890.0	164.908205
1892.0	152.026636
1894.0	174.863702
1896.0	154.118234
1898.0	167.526487
1900.0	169.036937
1902.0	168.277096
1904.0	185.357082
1906.0	176.539116
1908.0	159.933905
1910.0	149.863244
1912.0	177.273511
1914.0	157.935403
1916.0	150.817996
1918.0	178.329124
1920.0	166.770089
1922.0	144.474610
1924.0	176.172564
1926.0	166.360174
1928.0	163.054824
1930.0	174.342209
1932.0	147.696465
1934.0	170.486989
1936.0	169.913825
1938.0	160.040279
1940.0	162.841322
1942.0	176.630232
1944.0	163.195269
1946.0	154.643625
1948.0	164.070272
1950.0	152.429408
1952.0	154.194771
1954.0	167.043672
1956.0	146.108933
1958.0	160.325681
1960.0	142.876442
1962.0	141.749572
1964.0	126.195066
1966.0	157.934478
1968.0	174.900733
1970.0	163.418100
1972.0	157.229733
1974.0	172.279932
1976.0	184.967172
1978.0	168.051386
1980.0	160.341769
1982.0	169.578861
1984.0	176.888510
1986.0	152.742190
1988.0	163.434569
1990.0	172.850023
1992.0	177.498894
1994.0	159.280445
1996.0	165.100883
1998.0	184.818894
2000.0	177.621438
2002.0	172.627053
2004.0	172.673601
2006.0	168.558325
2008.0	175.454792
2010.0	190.262137
2012.0	150.424977
2014.0	165.257863
2016.0	164.636822
2018.0	185.551408
2020.0	159.980496
2022.0	167.290792
2024.0	173.414306
2026.0	171.774058
2028.0	150.502644
2030.0	156.472561
2032.0	144.156808
2034.0	159.844532
2036.0	157.465337
2038.0	170.305088
2040.0	162.351871
2042.0	161.499095
2044.0	154.636941
2046.0	156.031365
2048.0	146.025947
2050.0	173.886319
2052.0	150.617491
2054.0	156.665629
2056.0	163.936089
2058.0	176.954944
2060.0	149.732877
2062.0	134.360757
2064.0	156.585677
2066.0	158.052075
2068.0	162.948685
2070.0	168.114567
2072.0	159.716845
2074.0	160.552957
2076.0	171.972466
2078.0	142.518281
2080.0	177.937669
2082.0	162.464390
2084.0	159.504194
2086.0	156.705071
2088.0	177.023439
2090.0	147.850407
2092.0	156.687730
2094.0	170.186785
2096.0	145.045459
2098.0	175.605559
2100.0	153.971711
2102.0	174.214605
2104.0	177.469369
2106.0	164.707532
2108.0	161.093172
2110.0	163.831360
2112.0	170.682915
2114.0	175.339632
2116.0	163.945317
2118.0	153.550628
2120.0	174.248143
2122.0	173.652009
2124.0	167.798870
2126.0	159.408610
2128.0	176.406507
2130.0	147.725593
2132.0	189.588232
2134.0	150.933587
2136.0	159.532208
2138.0	155.962177
2140.0	179.157248
2142.0	157.177061
2144.0	165.335745
2146.0	164.022998
2148.0	161.097129
2150.0	156.975036
2152.0	174.252179
2154.0	155.491664
2156.0	154.058709
2158.0	159.559695
2160.0	184.338890
2162.0	151.541072
2164.0	165.138784
2166.0	142.316644
2168.0	180.676307
2170.0	178.058659
2172.0	155.858917
2174.0	145.486721
2176.0	173.053986
2178.0	161.554789
2180.0	167.549243
2182.0	181.910495
2184.0	186.300149
2186.0	147.226180
2188.0	201.080068
2190.0	165.504467
2192.0	182.445511
2194.0	165.327277
2196.0	142.251189
2198.0	171.545165
2200.0	162.520684
2202.0	163.476422
2204.0	145.217039
2206.0	163.047863
2208.0	173.178117
2210.0	154.216035
2212.0	150.561238
2214.0	161.174472
2216.0	147.854689
2218.0	160.121701
2220.0	170.927902
2222.0	143.289529
2224.0	153.177377
2226.0	184.592131
2228.0	174.895131
2230.0	170.127731
2232.0	160.255403
2234.0	184.808020
2236.0	177.592656
2238.0	172.648509
2240.0	164.542293
2242.0	157.720470
2244.0	167.976320
2246.0	169.573256
2248.0	149.581559
2250.0	140.593000
2252.0	189.716532
2254.0	173.690685
2256.0	167.184718
2258.0	152.723956
2260.0	175.480367
2262.0	162.090329
2264.0	165.367289
2266.0	156.144601
2268.0	169.365359
2270.0	181.434967
2272.0	194.344875
2274.0	188.459625
2276.0	175.987253
2278.0	164.429483
2280.0	167.293173
2282.0	170.764053
2284.0	166.017977
2286.0	165.778758
2288.0	173.821810
2290.0	177.646757
2292.0	154.406498
2294.0	177.822064
2296.0	164.535815
2298.0	176.509318
2300.0	169.677857
2302.0	159.480250
2304.0	181.154230
2306.0	157.300607
2308.0	167.170843
2310.0	173.903063
2312.0	161.093196
2314.0	166.779102
2316.0	154.041087
2318.0	172.168730
2320.0	184.201048
2322.0	165.792769
2324.0	183.126468
2326.0	183.519835
2328.0	174.566438
2330.0	160.369224
2332.0	179.727925
2334.0	177.261348
2336.0	161.431418
2338.0	163.503830
2340.0	178.328791
2342.0	173.751551
2344.0	193.574372
2346.0	179.681937
2348.0	160.796159
2350.0	183.724351
2352.0	182.695382
2354.0	176.242264
2356.0	171.958854
2358.0	167.946169
2360.0	168.179493
2362.0	161.758629
2364.0	162.913090
2366.0	170.400545
2368.0	185.734140
2370.0	167.825029
2372.0	168.908262
2374.0	158.338467
2376.0	173.451767
2378.0	175.855981
2380.0	184.678333
2382.0	164.913683
2384.0	192.300438
2386.0	177.872771
2388.0	164.127760
2390.0	185.730157
2392.0	155.976289
2394.0	174.723937
2396.0	179.277872
2398.0	171.257842
2400.0	183.873007
2402.0	166.595449
2404.0	164.125428
2406.0	152.098996
2408.0	167.399474
2410.0	164.604047
2412.0	155.269892
2414.0	162.585218
2416.0	167.284796
2418.0	181.598683
2420.0	193.028587
2422.0	173.914086
2424.0	185.781464
2426.0	187.337644
2428.0	191.902310
2430.0	170.941039
2432.0	184.067657
2434.0	189.899860
2436.0	189.168762
2438.0	184.996979
2440.0	191.910393
2442.0	178.249294
2444.0	174.112796
2446.0	162.800838
2448.0	196.370308
2450.0	189.522796
2452.0	183.850665
2454.0	185.516574
2456.0	181.257974
2458.0	190.437443
2460.0	186.072632
2462.0	178.678045
2464.0	176.989685
2466.0	187.473482
2468.0	185.820338
2470.0	171.913599
2472.0	186.143243
2474.0	176.210433
2476.0	174.811704
2478.0	212.094928
2480.0	191.250471
2482.0	174.897422
2484.0	160.682234
2486.0	158.847678
2488.0	178.370726
2490.0	172.831737
2492.0	192.751151
2494.0	209.169572
2496.0	190.668519
2498.0	196.429110
2500.0	188.795865
2502.0	204.916578
2504.0	173.140717
2506.0	187.511211
2508.0	196.255618
2510.0	208.498434
2512.0	188.812407
2514.0	180.850000
2516.0	198.433988
2518.0	189.615712
2520.0	205.224535
2522.0	186.358575
2524.0	183.014058
2526.0	197.472295
2528.0	218.312523
2530.0	211.361794
2532.0	194.810901
2534.0	196.526851
2536.0	204.388266
2538.0	197.115163
2540.0	197.506711
2542.0	219.407150
2544.0	203.312608
2546.0	213.901484
2548.0	178.000142
2550.0	201.014743
2552.0	217.153423
2554.0	225.262746
2556.0	215.351450
2558.0	199.862682
2560.0	215.095170
2562.0	227.081772
2564.0	202.303290
2566.0	214.526148
2568.0	235.259352
2570.0	235.071246
2572.0	198.870838
2574.0	215.166786
2576.0	217.076553
2578.0	250.126115
2580.0	236.947307
2582.0	233.767705
2584.0	225.885965
2586.0	234.269052
2588.0	243.883074
2590.0	245.420115
2592.0	271.502926
2594.0	269.235104
2596.0	241.097207
2598.0	257.116717
2600.0	265.371251
2602.0	251.627356
2604.0	244.159383
2606.0	258.453962
2608.0	282.422221
2610.0	261.661827
2612.0	274.383171
2614.0	279.377145
2616.0	290.511372
2618.0	296.619632
2620.0	284.526302
2622.0	280.516787
2624.0	309.527672
2626.0	312.118706
2628.0	286.850193
2630.0	297.847709
2632.0	338.105973
2634.0	330.055541
2636.0	341.394404
2638.0	350.012230
2640.0	342.404402
2642.0	349.673799
2644.0	350.261312
2646.0	361.170786
2648.0	397.696456
2650.0	414.259752
2652.0	417.212809
2654.0	404.986497
2656.0	437.581568
2658.0	434.455888
2660.0	443.997623
2662.0	474.816662
2664.0	492.551953
2666.0	482.064620
2668.0	485.728528
2670.0	504.614350
2672.0	513.907003
2674.0	492.780485
2676.0	560.517188
2678.0	541.893565
2680.0	556.464266
2682.0	573.671233
2684.0	583.951718
2686.0	578.847355
2688.0	593.297860
2690.0	583.696648
2692.0	590.938602
2694.0	570.208055
2696.0	552.144038
2698.0	598.281013
2700.0	581.822179
2702.0	580.257298
2704.0	565.954767
2706.0	547.680948
2708.0	529.458797
2710.0	507.027999
2712.0	519.924968
2714.0	495.971021
2716.0	488.265599
2718.0	486.292969
2720.0	474.697290
2722.0	471.739940
2724.0	442.386054
2726.0	444.048861
2728.0	437.032994
2730.0	418.713123
2732.0	424.182874
2734.0	413.565686
2736.0	396.305562
2738.0	390.350828
2740.0	386.273486
2742.0	360.228592
2744.0	349.232311
2746.0	347.481772
2748.0	330.213035
2750.0	333.573928
2752.0	326.645466
2754.0	321.411552
2756.0	315.846030
2758.0	320.967996
2760.0	296.663160
2762.0	304.917229
2764.0	296.414536
2766.0	290.265673
2768.0	281.946674
2770.0	285.668587
2772.0	294.997169
2774.0	252.246019
2776.0	270.994422
2778.0	277.848950
2780.0	251.293572
2782.0	246.302058
2784.0	257.442859
2786.0	272.706374
2788.0	256.305867
2790.0	257.040589
2792.0	249.140754
2794.0	261.698085
2796.0	247.421982
2798.0	256.889273
2800.0	250.448951
2802.0	239.194741
2804.0	248.818439
2806.0	251.586217
2808.0	225.871077
2810.0	209.748036
2812.0	232.842945
2814.0	214.240157
2816.0	210.336479
2818.0	220.683577
2820.0	223.453357
2822.0	249.305025
2824.0	235.276488
2826.0	219.674872
2828.0	230.755976
2830.0	202.836232
2832.0	217.868533
2834.0	194.467247
2836.0	205.094563
2838.0	239.088317
2840.0	238.441461
2842.0	206.541233
2844.0	220.396891
2846.0	230.700309
2848.0	218.475924
2850.0	208.228554
2852.0	197.897101
2854.0	225.812512
2856.0	223.992674
2858.0	204.775682
2860.0	206.862677
2862.0	227.831337
2864.0	205.241655
2866.0	203.845743
2868.0	197.382749
2870.0	231.944979
2872.0	219.760432
2874.0	228.109317
2876.0	204.165886
2878.0	193.297820
2880.0	204.029576
2882.0	201.379112
2884.0	195.631917
2886.0	207.109165
2888.0	220.711008
2890.0	204.982252
2892.0	199.895542
2894.0	210.682132
2896.0	217.153137
2898.0	202.911232
2900.0	200.560184
2902.0	168.482225
2904.0	199.592952
2906.0	206.974715
2908.0	193.026129
2910.0	214.871690
2912.0	204.124038
2914.0	198.174257
2916.0	199.862418
2918.0	224.967902
2920.0	221.037101
2922.0	191.204179
2924.0	190.030283
2926.0	204.864721
2928.0	198.079357
2930.0	182.103975
2932.0	204.551967
2934.0	199.397796
2936.0	175.285853
2938.0	187.961427
2940.0	176.121532
2942.0	187.611702
2944.0	179.941543
2946.0	203.162854
2948.0	188.378963
2950.0	167.376790
2952.0	181.704041
2954.0	177.429638
2956.0	219.145536
2958.0	198.189501
2960.0	189.514345
2962.0	206.443182
2964.0	216.988814
2966.0	191.565723
2968.0	193.470451
2970.0	201.413497
2972.0	206.585666
2974.0	211.161729
2976.0	206.494752
2978.0	178.447050
2980.0	202.469682
2982.0	206.787368
2984.0	183.320212
2986.0	206.455032
2988.0	180.797577
2990.0	186.702903
2992.0	179.075109
2994.0	187.613213
2996.0	207.759840
2998.0	204.292319
3000.0	200.174338
3002.0	203.672071
3004.0	203.040304
3006.0	196.334323
3008.0	188.926374
3010.0	198.083832
3012.0	184.956284
3014.0	199.802051
3016.0	180.879760
3018.0	220.373812
3020.0	179.463809
3022.0	181.403953
3024.0	188.311275
3026.0	201.753426
3028.0	201.288156
3030.0	187.311496
3032.0	186.122486
3034.0	197.686090
3036.0	198.677793
3038.0	218.332111
3040.0	223.947808
3042.0	188.101182
3044.0	194.712896
3046.0	187.131023
3048.0	184.223913
3050.0	195.830074
3052.0	207.115452
3054.0	198.307110
3056.0	195.270455
3058.0	214.023928
3060.0	201.178800
3062.0	198.223602
3064.0	214.951020
3066.0	196.484916
3068.0	200.507693
3070.0	206.433836
3072.0	202.603699
3074.0	169.292351
3076.0	206.879618
3078.0	205.504407
3080.0	191.081668
3082.0	204.450546
3084.0	207.273436
3086.0	210.093672
3088.0	184.263097
3090.0	205.186922
3092.0	192.301442
3094.0	210.961954
3096.0	200.006815
3098.0	189.263671
3100.0	196.110306
3102.0	216.203838
3104.0	191.094777
3106.0	219.539942
3108.0	203.054150
3110.0	194.164396
3112.0	198.195915
3114.0	185.498623
3116.0	176.205014
3118.0	184.961645
3120.0	197.884490
3122.0	206.859760
3124.0	201.276161
3126.0	204.141655
3128.0	184.815649
3130.0	205.590285
3132.0	197.071609
3134.0	224.840771
3136.0	189.757990
3138.0	207.925415
3140.0	203.269387
3142.0	195.846042
3144.0	176.311847
3146.0	195.137662
3148.0	229.881056
3150.0	185.130135
3152.0	197.679489
3154.0	209.240710
3156.0	178.417490
3158.0	176.560442
3160.0	208.077354
3162.0	184.832433
3164.0	204.898395
3166.0	186.726131
3168.0	199.284376
3170.0	201.341719
3172.0	212.077939
3174.0	195.794760
3176.0	197.244293
3178.0	182.713237
3180.0	203.127057
3182.0	208.940770
3184.0	195.824110
3186.0	194.606468
3188.0	197.793689
3190.0	210.494515
3192.0	189.043379
3194.0	187.987587
3196.0	196.992164
3198.0	203.252451
3200.0	186.026764
