Raman shift (cm^-1)	Intensity (a.u.)
800.0	235.612713
802.0	185.122633
804.0	221.871478
806.0	225.746809
808.0	246.695713
810.0	222.880446
812.0	211.690842
814.0	276.261244
816.0	231.649419
818.0	250.407631
820.0	231.062786
822.0	244.391379
824.0	226.060908
826.0	250.098212
828.0	235.715603
830.0	220.304625
832.0	233.826857
834.0	235.822954
836.0	252.940701
838.0	250.984031
840.0	220.329688
842.0	220.452395
844.0	224.992429
846.0	192.572062
848.0	249.892900
850.0	225.018663
852.0	235.788907
854.0	229.771766
856.0	207.987839
858.0	247.051819
860.0	214.966587
862.0	213.758851
864.0	248.143023
866.0	234.448889
868.0	212.975753
870.0	210.914288
872.0	251.435946
874.0	244.479940
876.0	225.800758
878.0	217.817804
880.0	240.167839
882.0	248.091280
884.0	236.844886
886.0	222.341965
888.0	247.894769
890.0	213.108059
892.0	221.118528
894.0	261.115816
896.0	223.155999
898.0	278.138918
900.0	255.804587
902.0	262.845026
904.0	211.323332
906.0	241.829694
908.0	228.468038
910.0	263.096810
912.0	224.610589
914.0	240.148031
916.0	231.000342
918.0	238.314862
920.0	245.038157
922.0	239.477638
924.0	215.050122
926.0	239.011511
928.0	217.709972
930.0	227.912298
932.0	229.824906
934.0	199.077222
936.0	234.636776
938.0	211.001239
940.0	232.803141
942.0	252.751451
944.0	246.794682
946.0	248.300048
948.0	251.546747
950.0	218.252536
952.0	249.598443
954.0	230.218503
956.0	247.880765
958.0	237.799807
960.0	236.301566
962.0	248.017114
964.0	245.661226
966.0	238.178544
968.0	223.866903
970.0	236.395442
972.0	212.735831
974.0	220.104439
976.0	210.827002
978.0	223.902068
980.0	216.800951
982.0	242.459541
984.0	237.781490
986.0	285.951784
988.0	273.587010
990.0	218.890515
992.0	247.975538
994.0	222.125579
996.0	267.395813
998.0	224.526891
1000.0	222.286066
1002.0	241.249412
1004.0	213.282803
1006.0	254.138517
1008.0	258.239091
1010.0	221.641630
1012.0	230.293207
1014.0	240.849351
1016.0	240.309339
1018.0	254.418289
1020.0	246.327160
1022.0	242.801350
1024.0	236.800466
1026.0	264.372117
1028.0	238.792355
1030.0	224.658205
1032.0	226.990169
1034.0	245.905098
1036.0	249.737153
1038.0	263.967589
1040.0	230.217222
1042.0	224.390266
1044.0	239.753278
1046.0	220.431764
1048.0	223.592460
1050.0	260.292337
1052.0	243.691494
1054.0	236.262339
1056.0	253.264397
1058.0	235.912100
1060.0	221.733052
1062.0	229.970112
1064.0	220.941389
1066.0	268.373145
1068.0	239.954336
1070.0	279.187037
1072.0	242.404191
1074.0	254.462656
1076.0	231.198337
1078.0	225.491927
1080.0	262.458732
1082.0	268.213138
1084.0	249.466188
1086.0	267.824686
1088.0	217.000149
1090.0	219.062211
1092.0	237.591309
1094.0	244.885210
1096.0	253.381612
1098.0	260.481335
1100.0	255.293681
1102.0	237.964225
1104.0	206.322644
1106.0	267.965291
1108.0	211.477580
1110.0	236.939352
1112.0	224.995736
1114.0	239.924131
1116.0	243.788717
1118.0	253.058916
1120.0	251.482747
1122.0	242.231080
1124.0	275.512397
1126.0	291.807016
1128.0	256.112518
1130.0	241.319435
1132.0	239.182615
1134.0	240.580446
1136.0	244.094856
1138.0	243.993668
1140.0	261.299126
1142.0	249.119812
1144.0	264.491805
1146.0	259.337558
1148.0	272.333277
1150.0	239.267993
1152.0	214.963649
1154.0	260.480146
1156.0	252.913153
1158.0	279.230934
1160.0	241.176704
1162.0	271.213206
1164.0	249.911279
1166.0	253.264036
1168.0	257.517831
1170.0	257.200981
1172.0	271.687774
1174.0	259.078049
1176.0	267.116715
1178.0	241.188682
1180.0	258.029492
1182.0	266.635647
1184.0	249.976354
1186.0	270.249181
1188.0	257.838864
1190.0	276.423538
1192.0	283.375088
1194.0	266.278239
1196.0	247.963695
1198.0	273.982642
1200.0	272.460040
1202.0	290.726182
1204.0	331.014945
1206.0	277.556503
1208.0	306.703732
1210.0	248.907962
1212.0	265.980360
1214.0	284.130168
1216.0	289.344573
1218.0	263.454669
1220.0	291.350021
1222.0	274.859709
1224.0	284.972362
1226.0	283.011821
1228.0	282.127965
1230.0	313.402161
1232.0	276.953504
1234.0	316.849800
1236.0	304.241173
1238.0	308.273873
1240.0	327.083750
1242.0	312.601963
1244.0	293.233135
1246.0	303.776148
1248.0	312.542326
1250.0	331.949403
1252.0	322.596306
1254.0	308.991499
1256.0	316.320452
1258.0	318.508423
1260.0	339.784831
1262.0	335.935330
1264.0	365.662985
1266.0	347.689796
1268.0	378.580155
1270.0	356.653207
1272.0	373.597598
1274.0	386.722389
1276.0	377.884713
1278.0	372.104683
1280.0	373.882397
1282.0	383.975032
1284.0	417.937402
1286.0	380.326414
1288.0	403.856730
1290.0	416.748634
1292.0	421.389640
1294.0	417.642585
1296.0	457.649644
1298.0	453.384915
1300.0	487.219366
1302.0	495.881039
1304.0	500.875971
1306.0	510.815145
1308.0	490.822234
1310.0	517.872551
1312.0	537.773700
1314.0	573.891681
1316.0	573.848412
1318.0	583.312402
1320.0	607.140883
1322.0	627.902376
1324.0	656.145600
1326.0	696.673237
1328.0	687.550245
1330.0	676.142970
1332.0	755.815502
1334.0	737.029034
1336.0	760.616697
1338.0	776.968484
1340.0	805.639575
1342.0	818.285588
1344.0	813.187518
1346.0	841.187861
1348.0	840.580430
1350.0	841.229883
1352.0	842.512366
1354.0	841.442811
1356.0	880.053612
1358.0	818.347443
1360.0	853.859568
1362.0	806.124138
1364.0	814.129932
1366.0	824.789498
1368.0	766.856731
1370.0	751.557105
1372.0	741.576759
1374.0	715.723653
1376.0	721.631382
1378.0	697.881430
1380.0	672.992283
1382.0	661.315966
1384.0	683.198801
1386.0	623.154211
1388.0	622.931056
1390.0	593.487396
1392.0	554.329964
1394.0	550.568390
1396.0	530.887566
1398.0	519.235484
1400.0	522.505424
1402.0	511.914348
1404.0	490.815614
1406.0	485.139887
1408.0	481.181671
1410.0	470.927318
1412.0	457.969790
1414.0	447.078240
1416.0	430.296697
1418.0	418.660854
1420.0	411.380510
1422.0	445.018590
1424.0	383.980171
1426.0	376.823053
1428.0	377.568786
1430.0	416.980825
1432.0	376.017151
1434.0	372.948139
1436.0	377.365886
1438.0	382.495796
1440.0	370.399353
1442.0	348.290025
1444.0	370.511687
1446.0	361.572306
1448.0	373.200711
1450.0	382.019200
1452.0	368.676022
1454.0	375.354134
1456.0	371.000214
1458.0	333.395940
1460.0	373.003571
1462.0	366.796583
1464.0	348.206236
1466.0	330.410488
1468.0	340.806034
1470.0	369.372880
1472.0	360.016698
1474.0	363.195066
1476.0	348.410199
1478.0	355.014798
1480.0	342.386275
1482.0	359.608206
1484.0	349.383228
1486.0	328.792916
1488.0	341.599108
1490.0	369.940822
1492.0	368.086390
1494.0	372.852263
1496.0	379.590657
1498.0	365.830370
1500.0	368.343214
1502.0	360.062225
1504.0	362.550234
1506.0	358.895402
1508.0	361.623011
1510.0	388.223806
1512.0	400.663648
1514.0	400.778106
1516.0	412.962824
1518.0	419.987927
1520.0	421.072516
1522.0	443.857491
1524.0	456.504858
1526.0	400.379694
1528.0	451.233622
1530.0	470.401489
1532.0	517.794009
1534.0	530.732950
1536.0	491.987018
1538.0	551.033749
1540.0	515.272671
1542.0	579.542679
1544.0	582.961993
1546.0	627.077013
1548.0	664.264924
1550.0	698.589126
1552.0	742.490913
1554.0	743.473047
1556.0	787.978241
1558.0	823.132641
1560.0	910.628762
1562.0	906.046856
1564.0	973.476622
1566.0	1040.893258
1568.0	1067.196432
1570.0	1128.947872
1572.0	1170.305084
1574.0	1228.275803
1576.0	1202.851433
1578.0	1257.990074
1580.0	1269.638465
1582.0	1280.184688
1584.0	1217.923853
1586.0	1199.437109
1588.0	1136.025812
1590.0	1116.433550
1592.0	1081.387713
1594.0	1011.521902
1596.0	986.280757
1598.0	937.235997
1600.0	869.318463
1602.0	821.799288
1604.0	776.572594
1606.0	763.536294
1608.0	709.662386
1610.0	692.916905
1612.0	653.260155
1614.0	606.849283
1616.0	627.173066
1618.0	576.540797
1620.0	541.984495
1622.0	520.499406
1624.0	499.623887
1626.0	494.698006
1628.0	458.502721
1630.0	467.380408
1632.0	407.981284
1634.0	411.180579
1636.0	414.789951
1638.0	449.526426
1640.0	403.169914
1642.0	369.833181
1644.0	399.107771
1646.0	360.834398
1648.0	379.003206
1650.0	382.592377
1652.0	341.266238
1654.0	343.250446
1656.0	359.386360
1658.0	369.290547
1660.0	332.209128
1662.0	361.533337
1664.0	322.244753
1666.0	333.141764
1668.0	317.787799
1670.0	321.486287
1672.0	314.398800
1674.0	290.735873
1676.0	334.431244
1678.0	337.909510
1680.0	297.572846
1682.0	340.327816
1684.0	311.980441
1686.0	330.394729
1688.0	280.618661
1690.0	256.089243
1692.0	280.452017
1694.0	259.859618
1696.0	275.454145
1698.0	300.994266
1700.0	298.971505
1702.0	278.012103
1704.0	277.334157
1706.0	263.609160
1708.0	319.462541
1710.0	294.988609
1712.0	251.521406
1714.0	282.897311
1716.0	289.308021
1718.0	300.972752
1720.0	249.898139
1722.0	267.403438
1724.0	272.596262
1726.0	268.974794
1728.0	264.282091
1730.0	263.574535
1732.0	278.018890
1734.0	266.826831
1736.0	268.052943
1738.0	284.343266
1740.0	274.475200
1742.0	257.360364
1744.0	244.247081
1746.0	261.452055
1748.0	254.270781
1750.0	264.303047
1752.0	275.063739
1754.0	259.931407
1756.0	277.018277
1758.0	302.145136
1760.0	244.165525
1762.0	223.273268
1764.0	266.960382
1766.0	265.933424
1768.0	227.804642
1770.0	232.736335
1772.0	223.578108
1774.0	300.681123
1776.0	259.618595
1778.0	256.933895
1780.0	255.946561
1782.0	265.012976
1784.0	270.433496
1786.0	277.930165
1788.0	262.353308
1790.0	259.092481
1792.0	247.045106
1794.0	234.767325
1796.0	248.999177
1798.0	245.825722
1800.0	261.711952
1802.0	234.828590
1804.0	253.062558
1806.0	280.581574
1808.0	233.611275
1810.0	244.364051
1812.0	240.570973
1814.0	245.784396
1816.0	260.615856
1818.0	245.615513
1820.0	261.284799
1822.0	261.893547
1824.0	235.752781
1826.0	222.661217
1828.0	251.328497
1830.0	286.118366
1832.0	270.855759
1834.0	207.719628
1836.0	253.658103
1838.0	261.452035
1840.0	254.352739
1842.0	243.664129
1844.0	269.625218
1846.0	253.826775
1848.0	238.677326
1850.0	230.713017
1852.0	260.288296
1854.0	259.492601
1856.0	255.943991
1858.0	246.178330
1860.0	224.390924
1862.0	239.501846
1864.0	240.739013
1866.0	235.905369
1868.0	259.008887
1870.0	248.901001
1872.0	259.266887
1874.0	224.962007
1876.0	261.811145
1878.0	259.292353
1880.0	222.067410
1882.0	260.312606
1884.0	243.559430
1886.0	271.457840
1888.0	232.022137
1890.0	282.680718
1892.0	261.591276
1894.0	241.464196
1896.0	240.733673
1898.0	244.701388
1900.0	226.589022
1902.0	232.721887
1904.0	272.542587
1906.0	257.600180
1908.0	246.147110
1910.0	236.338438
1912.0	241.918304
1914.0	235.944612
1916.0	248.900826
1918.0	220.971827
1920.0	252.333333
1922.0	259.082658
1924.0	258.141334
1926.0	225.302521
1928.0	234.956543
1930.0	272.200838
1932.0	249.759924
1934.0	275.217304
1936.0	224.206074
1938.0	262.894173
1940.0	253.362145
1942.0	258.058968
1944.0	237.908845
1946.0	255.703976
1948.0	239.554982
1950.0	269.724744
1952.0	233.467749
1954.0	235.505358
1956.0	223.650273
1958.0	237.522923
1960.0	264.219047
1962.0	245.598894
1964.0	257.487606
1966.0	268.525309
1968.0	250.070863
1970.0	259.776461
1972.0	276.790934
1974.0	248.149567
1976.0	228.255590
1978.0	241.682914
1980.0	263.197173
1982.0	273.981285
1984.0	233.543837
1986.0	259.407239
1988.0	257.703970
1990.0	234.542600
1992.0	225.038353
1994.0	241.752634
1996.0	265.242820
1998.0	273.251393
2000.0	223.527482
2002.0	280.809569
2004.0	258.665403
2006.0	244.894708
2008.0	232.002233
2010.0	229.083929
2012.0	240.218802
2014.0	252.494467
2016.0	246.052428
2018.0	233.096363
2020.0	247.169824
2022.0	236.452466
2024.0	235.714613
2026.0	255.225734
2028.0	292.622339
2030.0	255.403427
2032.0	232.589973
2034.0	254.977972
2036.0	239.705887
2038.0	226.902150
2040.0	236.623416
2042.0	248.233688
2044.0	242.955722
2046.0	248.069235
2048.0	230.263340
2050.0	231.372131
2052.0	249.703040
2054.0	248.824507
2056.0	254.753734
2058.0	263.750080
2060.0	236.540866
2062.0	247.231317
2064.0	235.538678
2066.0	235.935220
2068.0	239.265403
2070.0	250.997164
2072.0	263.250466
2074.0	280.300155
2076.0	245.000175
2078.0	276.992261
2080.0	229.634168
2082.0	254.936698
2084.0	260.617799
2086.0	242.549495
2088.0	248.458825
2090.0	279.205721
2092.0	233.140465
2094.0	286.572619
2096.0	235.968885
2098.0	248.006203
2100.0	250.018437
2102.0	243.360026
2104.0	230.810928
2106.0	220.028369
2108.0	257.533800
2110.0	253.149708
2112.0	258.708275
2114.0	264.151842
2116.0	234.751707
2118.0	237.705065
2120.0	260.083468
2122.0	270.299490
2124.0	244.372449
2126.0	240.697353
2128.0	256.922104
2130.0	267.773523
2132.0	248.447091
2134.0	245.729394
2136.0	259.641738
2138.0	240.713247
2140.0	269.284051
2142.0	228.471719
2144.0	242.581247
2146.0	250.343255
2148.0	272.578658
2150.0	254.376822
2152.0	259.908289
2154.0	251.351838
2156.0	288.452511
2158.0	262.033345
2160.0	241.420401
2162.0	239.032644
2164.0	262.175268
2166.0	252.935416
2168.0	254.546443
2170.0	270.896653
2172.0	262.453646
2174.0	246.812728
2176.0	249.129872
2178.0	241.838834
2180.0	239.457723
2182.0	239.378906
2184.0	246.300337
2186.0	247.718706
2188.0	237.442988
2190.0	235.580969
2192.0	244.535272
2194.0	248.183624
2196.0	253.256599
2198.0	236.355215
2200.0	284.376050
2202.0	245.984120
2204.0	241.322290
2206.0	278.657928
2208.0	255.820903
2210.0	265.221591
2212.0	286.502468
2214.0	261.342129
2216.0	239.305223
2218.0	233.178881
2220.0	270.385062
2222.0	265.400663
2224.0	259.102025
2226.0	274.820852
2228.0	269.964314
2230.0	236.444336
2232.0	266.325866
2234.0	250.531929
2236.0	247.938960
2238.0	247.445923
2240.0	243.815320
2242.0	246.835201
2244.0	280.098321
2246.0	258.077489
2248.0	254.357076
2250.0	279.278655
2252.0	278.723631
2254.0	262.420152
2256.0	229.514759
2258.0	238.330924
2260.0	256.613997
2262.0	254.054870
2264.0	246.984267
2266.0	222.137343
2268.0	239.290470
2270.0	242.806241
2272.0	249.098448
2274.0	255.074207
2276.0	240.760706
2278.0	269.319803
2280.0	278.559776
2282.0	245.520648
2284.0	253.415735
2286.0	277.154512
2288.0	258.188036
2290.0	253.412739
2292.0	300.084502
2294.0	277.119062
2296.0	253.845025
2298.0	232.913616
2300.0	282.611380
2302.0	256.049769
2304.0	257.778561
2306.0	246.038223
2308.0	265.779522
2310.0	241.262165
2312.0	259.355783
2314.0	279.512368
2316.0	245.768532
2318.0	248.313588
2320.0	291.312378
2322.0	287.135558
2324.0	262.959042
2326.0	260.619967
2328.0	282.852090
2330.0	241.918783
2332.0	244.239282
2334.0	271.929926
2336.0	265.674810
2338.0	279.294512
2340.0	244.826782
2342.0	263.439871
2344.0	264.940326
2346.0	260.779794
2348.0	264.412337
2350.0	266.452085
2352.0	262.195651
2354.0	280.799076
2356.0	251.845228
2358.0	264.286493
2360.0	288.292048
2362.0	287.539692
2364.0	255.309983
2366.0	251.206232
2368.0	286.832380
2370.0	273.732545
2372.0	270.512283
2374.0	283.153237
2376.0	290.608155
2378.0	260.236066
2380.0	284.393263
2382.0	274.898341
2384.0	295.233431
2386.0	263.652575
2388.0	265.872850
2390.0	245.173448
2392.0	254.822415
2394.0	257.668877
2396.0	270.719067
2398.0	273.953666
2400.0	271.156674
2402.0	268.346091
2404.0	275.659527
2406.0	273.722809
2408.0	251.970113
2410.0	275.720332
2412.0	313.929259
2414.0	252.242798
2416.0	278.776440
2418.0	253.440779
2420.0	285.301393
2422.0	276.482952
2424.0	240.944218
2426.0	295.469775
2428.0	237.586872
2430.0	268.791373
2432.0	228.630174
2434.0	249.977142
2436.0	241.105710
2438.0	276.508241
2440.0	276.162508
2442.0	272.490843
2444.0	272.552948
2446.0	278.080320
2448.0	308.338638
2450.0	293.219944
2452.0	269.064346
2454.0	261.866542
2456.0	289.595426
2458.0	289.942354
2460.0	286.518603
2462.0	279.706427
2464.0	270.520174
2466.0	277.719525
2468.0	270.503848
2470.0	294.411046
2472.0	297.571703
2474.0	279.622962
2476.0	259.750749
2478.0	275.489314
2480.0	282.491054
2482.0	298.443534
2484.0	263.962271
2486.0	265.547774
2488.0	296.208169
2490.0	299.489876
2492.0	288.173055
2494.0	293.220534
2496.0	285.483400
2498.0	280.321017
2500.0	266.635218
2502.0	267.862210
2504.0	275.633533
2506.0	284.269413
2508.0	293.890809
2510.0	286.260491
2512.0	269.497424
2514.0	276.739261
2516.0	276.453051
2518.0	287.835910
2520.0	270.104064
2522.0	291.365428
2524.0	299.321257
2526.0	248.649570
2528.0	285.468799
2530.0	301.084506
2532.0	286.735665
2534.0	294.184279
2536.0	285.607870
2538.0	311.089178
2540.0	281.385199
2542.0	312.900614
2544.0	286.714969
2546.0	291.150812
2548.0	293.055335
2550.0	292.393658
2552.0	299.355142
2554.0	312.873267
2556.0	303.260315
2558.0	298.849190
2560.0	323.108872
2562.0	279.647748
2564.0	306.056649
2566.0	318.651201
2568.0	307.212302
2570.0	306.690810
2572.0	326.105310
2574.0	316.761129
2576.0	302.467534
2578.0	297.346549
2580.0	308.137362
2582.0	280.397247
2584.0	300.159050
2586.0	291.943055
2588.0	304.424589
2590.0	325.077061
2592.0	323.740793
2594.0	299.320882
2596.0	307.832317
2598.0	289.736232
2600.0	352.238938
2602.0	343.660981
2604.0	328.222587
2606.0	346.531678
2608.0	303.313416
2610.0	339.282122
2612.0	347.626663
2614.0	298.231260
2616.0	357.814406
2618.0	356.702324
2620.0	361.236979
2622.0	351.685438
2624.0	350.648720
2626.0	362.854808
2628.0	346.391842
2630.0	365.086119
2632.0	372.116226
2634.0	379.672940
2636.0	407.231772
2638.0	410.686057
2640.0	392.563000
2642.0	362.255782
2644.0	418.759026
2646.0	432.181373
2648.0	429.178976
2650.0	422.814201
2652.0	397.508280
2654.0	392.395393
2656.0	420.664982
2658.0	424.980707
2660.0	447.644499
2662.0	450.105585
2664.0	457.604516
2666.0	484.478226
2668.0	478.863455
2670.0	504.588396
2672.0	508.392878
2674.0	521.707793
2676.0	504.333772
2678.0	509.626236
2680.0	505.855688
2682.0	508.387527
2684.0	554.132995
2686.0	515.058708
2688.0	539.896642
2690.0	552.401241
2692.0	553.961927
2694.0	572.932488
2696.0	584.641321
2698.0	562.628736
2700.0	608.431700
2702.0	569.062249
2704.0	600.102964
2706.0	597.748331
2708.0	590.925873
2710.0	568.785787
2712.0	558.359980
2714.0	597.044953
2716.0	566.783160
2718.0	546.957292
2720.0	520.078162
2722.0	554.664038
2724.0	503.235819
2726.0	514.890365
2728.0	545.965173
2730.0	514.259114
2732.0	504.280916
2734.0	473.727850
2736.0	498.436969
2738.0	491.398325
2740.0	442.668034
2742.0	506.049767
2744.0	437.534076
2746.0	446.865226
2748.0	402.425763
2750.0	441.254499
2752.0	434.258834
2754.0	457.244137
2756.0	414.772259
2758.0	431.947552
2760.0	418.763436
2762.0	394.028763
2764.0	412.719577
2766.0	401.303056
2768.0	433.863922
2770.0	381.424585
2772.0	379.020202
2774.0	375.897086
2776.0	364.821713
2778.0	357.385655
2780.0	350.493626
2782.0	355.993955
2784.0	357.228230
2786.0	364.643726
2788.0	365.550595
2790.0	373.288887
2792.0	363.108638
2794.0	353.412148
2796.0	330.742917
2798.0	331.772039
2800.0	345.225127
2802.0	319.386173
2804.0	338.776424
2806.0	334.559151
2808.0	324.302579
2810.0	322.080882
2812.0	300.633835
2814.0	330.346970
2816.0	341.887598
2818.0	334.053995
2820.0	348.143354
2822.0	329.253707
2824.0	325.549350
2826.0	323.479972
2828.0	320.326730
2830.0	320.056868
2832.0	335.908812
2834.0	279.786448
2836.0	315.472331
2838.0	292.640847
2840.0	316.662475
2842.0	317.950618
2844.0	336.041265
2846.0	289.037667
2848.0	326.891469
2850.0	321.268828
2852.0	338.316179
2854.0	326.333890
2856.0	295.757388
2858.0	285.963088
2860.0	313.925494
2862.0	318.556774
2864.0	291.608447
2866.0	334.917309
2868.0	333.050696
2870.0	323.645087
2872.0	284.415932
2874.0	321.500067
2876.0	328.959393
2878.0	324.452320
2880.0	307.162746
2882.0	325.573241
2884.0	287.950173
2886.0	313.808478
2888.0	296.895556
2890.0	302.917809
2892.0	321.632546
2894.0	327.441401
2896.0	321.942794
2898.0	316.591006
2900.0	294.708217
2902.0	297.617898
2904.0	328.634725
2906.0	318.672470
2908.0	315.969153
2910.0	299.884162
2912.0	307.149998
2914.0	323.110993
2916.0	301.872110
2918.0	347.697417
2920.0	306.755735
2922.0	314.371967
2924.0	305.498468
2926.0	262.563314
2928.0	309.134197
2930.0	324.784425
2932.0	311.128003
2934.0	308.939944
2936.0	300.254470
2938.0	278.170678
2940.0	308.269510
2942.0	289.957346
2944.0	297.080895
2946.0	317.906795
2948.0	304.428061
2950.0	317.575991
2952.0	305.022400
2954.0	289.731352
2956.0	294.550363
2958.0	328.885320
2960.0	320.268140
2962.0	320.638738
2964.0	285.125111
2966.0	330.494683
2968.0	303.461198
2970.0	315.389260
2972.0	302.720875
2974.0	281.050083
2976.0	302.263412
2978.0	296.651853
2980.0	332.917754
2982.0	308.038052
2984.0	326.145941
2986.0	302.788067
2988.0	294.457881
2990.0	294.916320
2992.0	288.835320
2994.0	297.917166
2996.0	297.087081
2998.0	293.073804
3000.0	333.440565
3002.0	311.540998
3004.0	310.239331
3006.0	284.399471
3008.0	315.397812
3010.0	271.922162
3012.0	298.359143
3014.0	300.061239
3016.0	292.667019
3018.0	292.289495
3020.0	309.827140
3022.0	322.707645
3024.0	310.822997
3026.0	292.257567
3028.0	321.013808
3030.0	291.893232
3032.0	295.009995
3034.0	288.379615
3036.0	287.352668
3038.0	280.783181
3040.0	300.946971
3042.0	273.470490
3044.0	336.133451
3046.0	314.538555
3048.0	306.361464
3050.0	338.138321
3052.0	277.618521
3054.0	315.452430
3056.0	290.215128
3058.0	308.578897
3060.0	280.993025
3062.0	322.501387
3064.0	302.607696
3066.0	302.758519
3068.0	306.903625
3070.0	301.788628
3072.0	310.648075
3074.0	298.214220
3076.0	318.170537
3078.0	312.754415
3080.0	323.755138
3082.0	292.528950
3084.0	304.168443
3086.0	287.008791
3088.0	278.982684
3090.0	299.478306
3092.0	333.768351
3094.0	298.327067
3096.0	331.247988
3098.0	306.443496
3100.0	285.445911
3102.0	279.728085
3104.0	301.060605
3106.0	321.349432
3108.0	263.252981
3110.0	300.485110
3112.0	329.668121
3114.0	310.319441
3116.0	311.943442
3118.0	333.605436
3120.0	313.294062
3122.0	313.877184
3124.0	308.866780
3126.0	305.403617
3128.0	286.491989
3130.0	289.979644
3132.0	310.984250
3134.0	311.441421
3136.0	310.658637
3138.0	299.938185
3140.0	283.694409
3142.0	313.083524
3144.0	287.727181
3146.0	281.119254
3148.0	297.997613
3150.0	323.155806
3152.0	316.268458
3154.0	317.929410
3156.0	303.375440
3158.0	330.041923
3160.0	319.948292
3162.0	324.382870
3164.0	296.882535
3166.0	305.418059
3168.0	317.302186
3170.0	304.742368
3172.0	261.961415
3174.0	334.761783
3176.0	319.008405
3178.0	302.463955
3180.0	306.097383
3182.0	303.613133
3184.0	321.441240
3186.0	316.952018
3188.0	308.429593
3190.0	317.647723
3192.0	329.950097
3194.0	306.175830
3196.0	324.604478
3198.0	320.365083
3200.0	345.724723
